0,0,1,2,3,4,5,6,7,8,9,10,11,12,13,14,15,16,17,18,19,20,21,22,23,24,25,26,27,28,29,30,31,32,33,34,35,36,37,38,39,40,41,42,43,44,45,46,47,48,49,50,51,52,53,54,55,56,57,58,59,60,61,62,63,64,65,66,67,68,69,70,71,72,73,74,75,76,77,78,79,80,81,82,83,84,85,86,87,88,89,90,91,92,93,94,95,96,97,98
0,0,113383,74731,143500,99760,158592,120048,92129,117330,105946,66851,106549,127225,63008,134085,99014,141542,104516,10093,73101,20832,171519,84985,139061,169534,80487,121168,168449,118493,117279,81563,109888,129703,132421,105407,81567,87087,94179,123505,55686,120640,132936,140642,92452,75067,89941,134957,124241,84883,152086,126995,119687,114200,118023,109417,74035,101552,105882,188324,16466,117516,152249,97204,176517,112032,114638,82896,146943,113101,163641,127519,4633,107695,92660,107981,123711,139300,106865,89511,117713,111320,100993,115427,69221,139095,98784,144890,69365,92434,138267,127119,135719,125426,125164,93928,79965,114096,122129,128365
1,113383,0,40041,32772,22304,45676,11324,21275,9796,40302,52938,23966,13915,50452,33822,19604,31256,9006,115326,40283,96528,58152,37306,31420,59905,34013,34473,55949,5112,24984,48446,3730,17712,19690,19243,31875,26435,29639,14170,60082,9715,19555,28695,25429,43850,23506,26215,14337,32732,39277,25557,17845,37458,6926,6458,44712,11884,15184,77755,116155,5356,44520,16181,63770,32414,6282,31147,38152,17193,51673,16523,112348,28632,27783,14303,10530,27352,6751,25395,24661,7891,13029,35614,44894,34551,41949,31680,44023,33890,24901,37274,29734,13878,13280,35948,33625,4813,30637,15149
2,74731,40041,0,72270,25437,84158,48824,19428,42731,38283,29478,42850,53901,15451,67902,31819,66813,31045,75774,8278,60074,97791,14766,69470,99337,6028,49289,93835,45082,52395,38922,36349,55255,59702,30954,9994,14184,21357,48857,28256,46242,59249,68568,17867,8839,18608,60229,52862,10923,79316,59555,45043,44248,45762,35224,25614,28919,37449,113642,76271,43505,83004,24395,101947,40573,42811,16300,76949,45442,88954,55777,74266,46540,30291,33254,49847,64725,34156,14951,43931,36827,27078,56534,5740,71114,32790,70750,9322,21517,64714,55117,66824,50982,52895,38972,7780,39919,58664,54434
3,143500,32772,72270,0,54149,27177,23643,52923,34978,68082,78861,39289,20266,80753,18636,44583,29724,41484,146339,71217,125290,31479,69926,7521,27148,66292,55630,36665,28190,30042,68945,36483,25587,13850,49811,63313,58214,61700,31713,88362,30759,17802,5170,58158,76593,54405,31967,19490,65501,11361,19661,39887,62199,26530,38740,70763,43354,37693,60010,147645,31040,12895,47883,42158,58316,29494,60728,6673,31075,35311,16494,141993,40552,51658,44900,25324,24499,38128,58003,47902,38620,45678,38998,76711,12484,71691,18380,74928,65802,14226,54967,11131,27960,19516,54369,65290,34637,29056,22223
4,99760,22304,25437,54149,0,60661,33546,16851,20007,21159,49529,39094,34003,39998,55879,28948,42367,16190,100108,30046,85510,75355,16543,53590,80952,20431,25215,69772,26130,44519,52135,19077,32426,40401,5678,22454,18115,7563,25444,52203,24168,38152,49572,7695,25333,19939,35594,36613,14878,58745,47432,20081,22706,29229,15859,42656,17864,30008,88626,99995,23111,66414,16336,77955,17804,27819,26978,59972,36205,64653,38525,99502,44025,33951,9532,29100,41147,20090,12748,18582,15529,12955,53199,31168,56856,20587,48177,33127,11676,43561,30680,52033,28383,35141,44542,22815,19530,50821,33117
5,158592,45676,84158,27177,60661,0,42342,66632,41452,66502,98119,61863,32525,95932,45783,63458,19171,54253,159930,85627,142162,16126,77116,34641,34416,78248,49917,10553,40684,54648,91091,48947,28912,29217,55109,77093,71549,67683,35431,105750,37962,26517,25319,67081,85872,69099,25865,38731,74918,16774,45289,41037,58318,42519,49176,89835,57532,57078,33824,160250,41158,33801,61658,18098,56425,46079,76824,31123,52808,8133,35431,157752,64414,71534,51459,35155,19541,52406,69224,46468,47340,57615,64954,89481,39610,72239,14130,89329,70959,21952,46430,37977,33191,36279,76895,78634,44504,55191,30529
6,120048,11324,48824,23643,33546,42342,0,29407,18722,51402,56487,20025,10915,57175,22514,21660,32340,18701,122730,47575,102179,52405,47972,20828,50546,42900,43909,52895,9309,16352,48757,14506,19434,13243,30542,39700,34688,40766,20043,65270,16092,16450,20617,35985,53695,30772,29352,4193,42827,32253,14380,26549,47925,4528,17764,48239,19957,14939,75869,124002,13069,34279,24450,60130,43057,6125,37173,28136,11022,49447,7526,118655,23508,29434,25562,12234,27141,14962,34966,34318,19018,22946,27819,53123,23423,53261,28395,51289,45043,20391,45768,18695,17560,6094,34695,41705,15282,20867,14642
7,92129,21275,19428,52923,16851,66632,29407,0,26184,37437,34501,25996,35171,29300,48914,14636,50657,12398,94077,19033,75590,79427,22167,50047,79943,13577,41247,76714,26388,34226,35344,17760,37929,40674,19931,10603,5290,19591,32365,39710,28918,40814,49368,12159,25127,3262,44582,33471,15485,60381,40450,30940,39542,26495,17670,26903,9619,18804,97766,95012,25474,63577,5119,84670,34558,23432,11332,57523,26653,72164,36450,91157,30493,17552,19298,31593,47661,14949,7433,33044,20082,9275,40400,23821,51805,35206,52795,22763,23157,46177,46240,47446,33702,33674,28168,12429,22218,40666,36249
8,117330,9796,42731,34978,20007,41452,18722,26184,0,33718,60020,33761,14761,55151,40507,28564,24506,14599,118489,44756,101529,55594,36488,35687,61310,36863,25256,51125,9415,34151,57170,10565,12640,21135,15050,36203,30670,27491,6218,65895,4258,18219,30132,25739,44658,29073,18428,20120,33575,38771,32889,8131,29358,14389,8702,51988,18488,24861,71633,118808,5666,47651,21681,59221,24675,15504,37227,41189,26739,46333,20856,116647,38419,36487,10476,9679,21994,14820,27832,15598,6116,16908,45118,48123,39823,36772,28378,48378,31350,23577,27620,34956,8448,17500,45310,37551,5263,39373,13205
9,105946,40302,38283,68082,21159,66502,51402,37437,33718,0,66742,60030,48264,53663,73822,50104,47394,36551,104277,45492,95074,82473,23686,69380,93203,35764,17482,73581,42551,64519,71972,37958,42967,54447,21426,40026,37260,18611,36391,66497,37684,50432,63021,25764,33035,40249,41002,53555,28266,69685,65773,28281,9007,46874,34231,60994,38814,50760,88091,102860,38845,80938,37487,81539,10191,46486,46094,74524,56247,68067,54559,106592,64994,54889,26073,43239,48757,40138,31546,20719,32432,33906,73895,43457,73526,7239,56999,47519,16889,55096,22837,68652,40130,51177,65514,39470,36131,70584,45860
10,66851,52938,29478,78861,49529,98119,56487,34501,60020,66742,0,40290,65596,17123,67594,34846,84016,45451,71744,21462,47191,108884,43981,73579,103761,30979,74741,108568,57671,50880,16180,50199,70628,69638,53830,27210,31530,48462,66000,12175,62050,71602,76799,42329,37514,31320,78385,60544,38485,88588,60998,65406,71399,55638,51318,8285,41647,41574,130686,74666,58026,86331,38417,116165,66973,52076,23176,81462,47800,104510,63959,64607,40960,27225,53782,63348,80289,46237,36794,67268,54085,43456,48611,25951,72975,61903,83989,20420,49896,76410,80109,70014,66640,62273,27077,27374,55401,55400,67822
11,106549,23966,42850,39289,39094,61863,20025,25996,33761,60030,40290,0,30890,45867,27552,11408,52181,23669,110505,38359,87385,70330,48158,33462,63476,38012,57759,72389,26195,10744,29719,24104,38849,32684,38977,32868,29934,44337,37560,50862,33066,36462,38063,37375,50218,25072,48553,23194,41444,49793,20719,41756,59339,21746,27624,32578,21242,9453,95598,112630,28835,46041,23438,79296,54099,18966,27224,41297,9091,69226,26436,104597,4980,14176,35175,31131,47119,20605,33413,47999,30467,26160,14436,45331,32691,59492,48169,41589,48354,40063,61045,29807,36125,26045,15194,35076,28640,16259,34407
12,127225,13915,53901,20266,34003,32525,10915,35171,14761,48264,65596,30890,0,64244,27646,30975,21448,22912,129238,54145,110133,44295,50055,21207,46954,47873,37530,43002,8825,26619,59088,17560,9165,6423,29548,45775,40349,41565,12563,73474,10610,6009,15570,38527,57308,37288,18983,8932,46122,25447,21402,20583,43102,10028,19064,57312,25672,24786,65571,130064,10951,32890,30062,50573,38812,13573,44673,26427,21934,39176,7548,126126,34416,39116,24662,5082,16233,20365,39134,28785,18519,26827,38106,58805,25764,51531,18394,57889,45615,11058,38205,21019,8994,5398,45310,47539,14640,30062,4068
13,63008,50452,15451,80753,39998,95932,57175,29300,55151,53663,17123,45867,64244,0,73060,36744,79641,41688,65603,10399,46377,108538,30012,76761,107216,19570,64505,105992,55551,56457,31050,47028,67188,69416,45228,18948,24491,36697,61369,12834,58144,70003,77715,32303,21798,26959,73327,61366,26198,89095,65328,58711,59685,55023,46869,17492,38586,43463,126756,67174,54774,90175,34307,113965,55917,51660,20027,84570,51085,101383,64600,61895,48254,31722,46705,60866,76896,43879,27970,58574,49045,38403,57532,10295,77385,47921,82075,6907,36960,75297,70267,73626,62939,62176,36829,17716,51482,62099,65522
14,134085,33822,67902,18636,55879,45783,22514,48914,40507,73822,67594,27552,27646,73060,0,36617,45128,40306,138034,64780,114777,48867,69461,11142,36845,62352,64965,55270,31311,16810,55272,36811,36302,23522,53055,58074,53890,62913,40034,78400,37084,29309,21121,57530,74017,49296,45236,20387,63706,29787,8566,47683,69851,27015,40228,60068,40478,30468,78532,140069,35070,19619,44565,60464,65166,28061,53619,16762,22476,53910,20195,132082,26767,41624,48076,31890,39426,36330,55524,55802,41518,44397,22064,71303,6766,75771,35498,68248,67206,28840,65852,8118,36614,23244,41067,60254,37705,12672,31412
15,99014,19604,31819,44583,28948,63458,21660,14636,28564,50104,34846,11408,30975,36744,36617,0,50662,15305,102228,28163,80722,74065,36801,40105,70593,26745,50127,73964,23682,20601,28843,18001,37006,34792,29843,21833,18556,33489,33705,43788,29305,36979,42130,26313,38909,13694,45818,25760,30045,53864,28641,35808,50468,20950,20662,26585,11839,6889,96472,103918,24960,53455,12696,81441,45238,17402,17013,47962,14352,70121,29162,97429,15864,8243,26884,29343,46353,13763,22068,40705,23748,16465,25770,34780,40656,48911,49341,31648,37369,41629,54154,36897,33406,27432,16964,24046,23342,26845,33566
16,141542,31256,66813,29724,42367,19171,32340,50657,24506,47394,84016,52181,21448,79641,45128,50662,0,38699,142333,69243,126014,35078,58598,35275,48684,61080,31166,27458,27001,47859,79418,33817,13665,22226,36714,60697,55171,49086,18298,90354,21974,16736,25119,49243,67700,53472,6837,30106,57003,25460,41094,22359,39386,30600,33019,75849,42404,45226,47126,142345,26027,41304,46013,35646,37282,33827,61559,36061,43331,22286,27731,140979,55848,58901,33596,21426,5731,37836,52085,27307,30622,41389,59257,72337,40787,53068,12111,72845,52158,16345,28381,37154,17402,26703,66164,61999,28671,50602,17774
17,104516,9006,31045,41484,16190,54253,18701,12398,14599,36551,45451,23669,22912,41688,40306,15305,38699,0,106352,31429,87926,67082,29319,39489,68630,25019,34856,64380,14090,28332,43026,5380,25661,28660,15316,22955,17471,22727,20554,51769,16758,28455,37584,17328,35151,14897,32935,22414,24166,48281,31759,20920,35723,15012,5929,37393,3934,14268,85690,107152,13105,52845,7417,72307,30476,12598,22877,46578,20016,59904,25039,103555,28649,22560,11697,19197,35411,3992,16520,25400,8904,4249,37345,35892,42038,36754,40397,35155,27011,33853,38857,37373,21489,21984,32236,24654,10033,34634,23852
18,10093,115326,75774,146339,100108,159930,122730,94077,118489,104277,71744,110505,129238,65603,138034,102228,142333,106352,0,75238,28529,173414,84607,142319,172795,81712,120203,169539,120432,121245,87122,111729,131030,134704,105786,83476,88890,94027,124581,60004,122011,134792,143196,93091,74924,92161,135632,126914,85340,154420,130622,120179,112826,120383,110924,78363,103648,109016,188676,6408,119153,155679,99195,177674,111093,117102,85629,150150,116503,164574,130108,14713,112055,96414,108757,125447,140473,108990,90719,117537,112601,102617,120269,70539,142725,97046,146484,71500,91867,140206,126112,139117,126756,127569,98687,81701,115624,126405,130074
19,73101,40283,8278,71217,30046,85627,47575,19033,44756,45492,21462,38359,54145,10399,64780,28163,69243,31429,75238,0,56773,98430,22520,67627,97952,9940,54942,95645,45394,48562,30806,36793,56836,59483,35102,8560,14110,27598,50974,22157,47783,59835,67965,22401,16957,16926,62931,51743,17271,79196,56736,48379,50724,45145,36510,17353,28478,34556,116356,76428,44479,81132,24103,103638,46630,41872,11194,75343,42428,91009,54897,72133,41468,24753,36369,50626,66531,33809,17705,48546,38653,28044,51248,7329,68651,40458,71824,3745,28603,65175,60597,64664,52580,52330,32219,7377,41142,54557,55282
20,20832,96528,60074,125290,85510,142162,102179,75590,101529,95074,47191,87385,110133,46377,114777,80722,126014,87926,28529,56773,0,154294,72378,120416,150764,65332,108722,152300,101585,98036,61231,93215,113519,114942,90989,65326,70866,80899,107747,36934,104492,116002,122779,77899,62437,73063,119665,106349,70843,134419,108032,104857,102606,100572,93220,54834,84648,87609,173119,33634,101031,133370,80512,160231,99706,97089,65460,128314,94462,147741,109703,17739,88143,73830,92894,107022,123243,89846,74132,103984,95423,84759,95445,54342,120070,88229,128209,53176,79922,121182,114650,116944,109283,107591,74116,64030,97807,102578,111666
21,171519,58152,97791,31479,75355,16126,52405,79427,55594,82473,108884,70330,44295,108538,48867,74065,35078,67082,173414,98430,154294,0,91896,38525,24082,91792,66022,14191,53039,61490,100047,61702,42980,39380,69951,90023,84554,82601,49910,117489,51732,38627,32305,81317,100250,81583,41585,48341,89140,20536,51140,56284,74389,53722,62567,100643,69966,67310,32022,174062,54291,31659,74332,13713,72349,57217,88874,32172,61675,18212,44925,170409,71936,81744,65937,47971,34477,64659,82863,62222,61147,70802,70291,102888,42112,88052,27217,102171,86081,33254,62546,42360,47149,46755,85512,91733,57876,60361,43360
22,84985,37306,14766,69926,16543,77116,47972,22167,36488,23686,43981,48158,50055,30012,69461,36801,58598,29319,84607,22520,72378,91896,0,68642,96945,13693,36415,86054,41736,55931,51646,33693,48966,56373,22008,19154,18989,9533,41986,42845,40589,54516,65551,11992,9994,23567,51776,51509,7031,75115,60895,36240,30351,44023,31185,39221,29056,40488,104189,84129,39104,81825,25340,94243,27345,41902,26240,75454,47966,80851,53828,85120,52647,38455,26026,45301,57637,33222,14745,32931,31572,25124,62567,19776,71353,18027,64720,24085,7549,59964,42365,66666,44900,50551,48584,17831,35418,62399,49484
23,139061,31420,69470,7521,53590,34641,20828,50047,35687,69380,73579,33462,21207,76761,11142,40105,35275,39489,142319,67627,120416,38525,68642,0,30488,63604,58426,44187,27541,23549,62807,34961,28540,15504,49828,60100,55290,61020,33647,83582,31705,20858,10371,56685,74522,51133,36402,17132,63644,18810,12988,41762,64290,24619,37774,65635,40733,33304,67519,143902,30932,13541,45186,49598,60015,26952,56793,7898,25978,42768,15102,137368,34144,46585,44801,26157,29716,35790,55791,49955,38256,43739,31766,73547,5523,72303,24820,71275,65243,18989,58477,3860,29939,18522,48259,62174,34229,21836,24235
24,169534,59905,99337,27148,80952,34416,50546,79943,61310,93203,103761,63476,46954,107216,36845,70593,48684,68630,172795,97952,150764,24082,96945,30488,0,93379,78873,37521,55240,53021,92068,63623,50296,40584,76338,90229,85229,88515,57141,113999,57052,43209,31402,85249,103740,81279,53551,46475,92638,23678,42763,65020,86376,53656,65785,95935,70420,63780,55394,174319,57889,17446,74942,37649,83121,56526,87220,22646,56433,40134,43611,167801,63412,76966,71552,51870,45337,65235,85147,72535,65470,72826,58616,103664,30866,97507,37027,101628,92535,38187,76880,33835,53544,46663,77734,92248,61549,49517,48139
25,80487,34013,6028,66292,20431,78248,42900,13577,36863,35764,30979,38012,47873,19570,62352,26745,61080,25019,81712,9940,65332,91792,13693,63604,93379,0,45078,87988,39053,47167,37964,30321,49336,53678,25735,5797,8462,17669,43022,31944,40303,53234,62557,12736,12226,13166,54558,46913,7514,73288,53938,39541,40789,39772,29233,25638,22961,31989,108022,82273,37501,77126,18450,96083,36698,36861,12985,71035,39954,83154,49797,79905,41986,26343,27628,43836,58854,28166,9031,39013,30907,21052,52025,11265,65374,31118,64780,12726,18927,58695,50781,61024,45059,46891,35843,4155,33931,53518,48431
26,121168,34473,49289,55630,25215,49917,43909,41247,25256,17482,74741,57759,37530,64505,64965,50127,31166,34856,120203,54942,108722,66022,36415,58426,78873,45078,0,56411,34613,59335,76407,33671,30095,42929,21321,47646,43268,27965,24981,77022,28023,37926,50459,32620,46407,44489,25401,44811,38374,55198,57821,17397,8617,39641,30150,67759,38340,48379,70655,119168,30916,68457,39069,64275,9136,40582,52017,62286,51665,50879,44797,121453,62640,56836,23262,33074,33572,37259,37961,9817,27302,34158,70085,54959,63245,24291,41925,57768,28871,41697,5956,58544,28568,41736,66955,47877,29665,64629,34197
27,168449,55949,93835,36665,69772,10553,52895,76714,51125,73581,108568,72389,43002,105992,55270,73964,27458,64380,169539,95645,152300,14191,86054,44187,37521,87988,56411,0,51015,64997,101644,59127,38808,39764,64138,87091,81539,76544,44978,116025,47866,36993,35424,76489,95094,79266,34289,49276,84295,25548,55424,49814,65000,53016,59136,100287,67755,67616,23487,169681,51277,41205,71797,8188,63757,56571,87080,39687,63343,5535,45966,167711,74871,82059,60813,45420,29150,62697,78957,54366,57131,67601,75098,99249,48843,79749,24623,99324,79588,32504,52164,47709,43069,46830,87439,88564,54509,65257,40836
28,118493,5112,45082,28190,26130,40684,9309,26388,9415,42551,57671,26195,8825,55551,31311,23682,27001,14090,120432,45394,101585,53039,41736,27541,55240,39053,34613,51015,0,25080,52417,8735,13336,14781,22311,36987,31541,33633,11473,65069,7115,14452,23896,30013,48653,28597,22555,11008,37489,34243,23518,17288,38696,5100,10551,49413,16969,18348,73042,121240,3789,40289,21292,58782,33901,7229,36162,33856,18215,46844,12439,117447,30493,31926,17275,5695,22723,11741,30350,25008,10714,18017,36303,49981,31178,44919,26639,49134,37806,19788,36636,26300,10021,9028,39352,38730,6689,30057,10179
29,117279,24984,52395,30042,44519,54648,16352,34226,34151,64519,50880,10744,26619,56457,16810,20601,47859,28332,121245,48562,98036,61490,55931,23549,53021,47167,59335,64997,25080,0,39296,26659,35585,26362,43094,42422,38798,50749,36300,61592,32154,31234,29740,44418,59201,34004,45510,17765,49601,41073,10561,42240,62374,19985,30424,43276,27213,15466,88449,123339,28567,35577,30593,71405,57266,18767,37369,31201,8318,62400,20279,115298,10595,24866,38570,28586,42353,24500,41370,49558,32688,31844,11506,55336,22158,65085,41697,51918,54966,33661,61685,19748,33913,21238,24798,44633,29735,6467,30608
30,81563,48446,38922,68945,52135,91091,48757,35344,57170,71972,16180,29719,59088,31050,55272,28843,79418,43026,87122,30806,61231,100047,51646,62807,92068,37964,76407,101644,52417,39296,0,46637,65753,61899,55117,32603,34712,53407,62511,28317,58138,64990,67766,46232,47727,32197,74661,52406,45031,79511,49839,63946,74839,49163,48843,13861,39121,34339,124590,90357,53801,74684,37442,108766,69896,45739,25940,70498,38490,98165,55768,78932,28733,20704,53581,58016,74923,42380,40431,67694,51898,42528,34541,37341,61269,68455,77142,31594,55954,69146,81129,59034,62235,54841,14576,33816,52028,42649,62049
31,109888,3730,36349,36483,19077,48947,14506,17760,10565,37958,50199,24104,17560,47028,36811,18001,33817,5380,111729,36793,93215,61702,33693,34961,63623,30321,33671,59127,8735,26659,46637,0,20532,23413,16601,28332,22851,26260,16000,56929,11863,23075,32426,21773,40124,20152,28351,17832,29017,42968,28400,17999,35835,10347,3766,42039,8660,14808,80641,112509,7892,48146,12721,67019,30673,8769,27987,41802,18504,54723,20174,108909,28969,25940,11920,13838,30271,4259,21668,23895,6369,9306,36724,41253,37905,39127,35047,40524,30537,28476,37001,33130,16456,16976,34808,30033,5396,32633,18495
32,129703,17712,55255,25587,32426,28912,19434,37929,12640,42967,70628,38849,9165,67188,36302,37006,13665,25661,131030,56836,113519,42980,48966,28540,50296,49336,30095,38808,13336,35585,65753,20532,0,13098,27144,48282,42731,39778,7080,77424,9064,7830,20423,38379,57289,40556,9930,18057,46215,27014,30502,14725,36661,17122,20327,62416,29191,31594,60114,131414,12642,38464,33071,46825,32984,20229,48500,32220,30206,34245,16587,128915,42755,45247,22964,7801,9750,24391,40315,22449,18430,28792,47091,60569,33607,47251,15767,60516,43440,12130,29944,29120,4278,14513,52567,49770,15711,39219,5100
33,132421,19690,59702,13850,40401,29217,13243,40674,21135,54447,69638,32684,6423,69416,23522,34792,22226,28660,134704,59483,114942,39380,56373,15504,40584,53678,42929,39764,14781,26362,61899,23413,13098,0,35971,51251,45923,47962,18279,78112,16933,5792,9182,44753,63435,42559,21716,9514,52268,19715,18868,26456,48956,14404,25263,61371,31069,28159,62913,135686,17307,26548,35557,46904,44840,17854,49593,20101,23608,36554,6273,131188,35489,42663,31083,11473,16517,25728,45081,34606,24893,32718,37479,64453,20508,57880,15533,63228,52027,7409,43034,16065,14532,7380,47678,53100,20964,28473,8771
34,105407,19243,30954,49811,5678,55109,30542,19931,15050,21426,53830,38977,29548,45228,53055,29843,36714,15316,105786,35102,90989,69951,22008,49828,76338,25735,21321,64138,22311,43094,55117,16601,27144,35971,0,27146,22315,12652,20093,57217,19298,33264,45073,13092,30994,23180,29930,33180,20526,53779,44792,14405,20625,26062,12936,46604,18078,29584,82957,105665,18931,62311,17971,72323,15397,25265,30852,55845,34822,58999,34730,105115,43958,35893,5037,24522,35632,18750,17459,13515,11636,13397,52590,36663,53449,22722,42834,38327,16334,38586,26363,48580,23229,31307,46266,27765,15627,49183,28255
35,81567,31875,9994,63313,22454,77093,39700,10603,36203,40026,27210,32868,45775,18948,58074,21833,60697,22955,83476,8560,65326,90023,19154,60100,90229,5797,47646,87091,36987,42422,32603,28332,48282,51251,27146,0,5552,21479,42421,30203,39227,51402,59877,15121,17746,8967,54415,43825,12427,70964,49797,40014,44217,37004,27955,20970,20181,27607,107817,84456,35961,73640,15719,95092,39764,33841,7198,67704,35598,82449,46887,80659,36635,20676,28016,42145,57972,25523,9730,40660,30097,19491,46655,13448,61492,35960,63326,12237,23514,56776,53132,57312,44024,44194,30049,2214,32596,48675,46798
36,87087,26435,14184,58214,18115,71549,34688,5290,30670,37260,31530,29934,40349,24491,53890,18556,55171,17471,88890,14110,70866,84554,18989,55290,85229,8462,43268,81539,31541,38798,34712,22851,42731,45923,22315,5552,0,18724,36887,35507,33675,45926,54647,11537,20410,4862,48923,38759,11975,65619,45479,34687,40537,31779,22403,24542,14896,23546,102296,89765,30430,68826,10375,89543,35826,28722,8949,62793,31500,76899,41740,86204,34134,19472,22737,36638,52420,20213,5723,35795,24559,13940,44155,18542,56954,34050,57803,17786,21591,51321,48582,52643,38472,38953,29727,7190,27048,45182,41287
37,94179,29639,21357,61700,7563,67683,40766,19591,27491,18611,48462,44337,41565,36697,62913,33489,49086,22727,94027,27598,80899,82601,9533,61020,88515,17669,27965,76544,33633,50749,53407,26260,39778,47962,12652,21479,18724,0,32740,49373,31684,45677,57135,7455,19142,22092,42259,43977,10501,66258,54404,26735,23127,36539,23245,42443,23576,35710,94700,93630,30667,73922,20912,84733,19224,34896,27496,67488,42501,71328,45989,94172,49142,37124,17040,36660,48248,26717,13057,23550,23081,18920,58695,27000,64155,15616,55484,30100,4293,51066,33835,59360,35807,42621,47713,21089,27068,57150,40644
38,123505,14170,48857,31713,25444,35431,20043,32365,6218,36391,66000,37560,12563,61369,40034,33705,18298,20554,124581,50974,107747,49910,41986,33647,57141,43022,24981,44978,11473,36300,62511,16000,7080,18279,20093,42421,36887,32740,0,72070,4515,14057,26632,31651,50481,35211,12390,20151,39489,34024,33192,8190,30678,16420,14765,57909,24363,29240,65423,124828,8869,44594,27778,53096,26614,18632,43335,38217,29685,40141,19842,122845,41942,41811,16068,8220,15905,20207,33994,16328,12328,23093,47651,54287,38320,40367,22747,54595,36368,18971,25993,33582,3761,16891,50110,43765,10646,40854,9538
39,55686,60082,28256,88362,52203,105750,65270,39710,65895,66497,12175,50862,73474,12834,78400,43788,90354,51769,60004,22157,36934,117489,42845,83582,113999,31944,77022,116025,65069,61592,28317,56929,77424,78112,57217,30203,35507,49373,72070,0,68509,79401,85857,44551,34390,36898,84283,69432,38879,97520,71355,70186,72432,63784,57337,18397,48279,50676,137435,62693,64813,96655,44380,123847,68560,60274,28946,91479,57607,111650,72795,53805,52116,37038,58206,70611,87174,53344,39768,70688,59791,48986,60284,23096,83443,60726,91700,19280,49773,84490,82718,80164,73257,70744,38705,29452,61780,66519,75222
40,120640,9715,46242,30759,24168,37962,16092,28918,4258,37684,62050,33066,10610,58144,37084,29305,21974,16758,122011,47783,104492,51732,40589,31705,57052,40303,28023,47866,7115,32154,58138,11863,9064,16933,19298,39227,33675,31684,4515,68509,0,13995,25887,29612,48559,31612,16560,16801,37419,34577,29797,10637,32857,12176,11275,53901,20429,24730,68934,122453,4374,43474,24129,55889,28376,14173,39636,37018,25307,43250,17110,119851,37484,37453,14644,5556,18752,15973,31293,18718,9432,19741,43414,51523,36010,40947,24558,51458,35579,19393,29676,31172,4797,13864,45622,40705,6729,36957,8967
41,132936,19555,59249,17802,38152,26517,16450,40814,18219,50432,71602,36462,6009,70003,29309,36979,16736,28455,134792,59835,116002,38627,54516,20858,43209,53234,37926,36993,14452,31234,64990,23075,7830,5792,33264,51402,45926,45677,14057,79401,13995,0,12658,43302,62215,43048,15927,13597,51028,20601,24471,22164,44397,16029,24091,63318,31420,30735,59619,135501,15786,30695,35732,44574,40570,19580,50550,24411,27407,33207,11008,131899,39725,45107,28636,9420,11132,26163,44371,30113,23031,32202,42567,64281,26061,54371,12386,63572,49568,5495,37655,21759,10370,10430,51096,53106,19454,33874,5036
42,140642,28695,68568,5170,49572,25319,20617,49368,30132,63021,76799,38063,15570,77715,21121,42130,25119,37584,143196,67965,122779,32305,65551,10371,31402,62557,50459,35424,23896,29740,67766,32426,20423,9182,45073,59877,54647,57135,26632,85857,25887,12658,0,53902,72524,51061,26947,16434,61375,11813,20004,34788,57053,22876,34418,68606,39751,35282,58911,144327,26489,18042,44274,41664,53211,26093,57749,11835,29371,33334,13123,139271,39934,49590,40221,20551,19708,34443,54075,42771,34073,41709,39680,73189,15876,66750,14459,71699,61185,9182,49830,13033,22891,15694,53256,61790,30147,29877,17195
43,92452,25429,17867,58158,7695,67081,35985,12159,25739,25764,42329,37375,38527,32303,57530,26313,49243,17328,93091,22401,77899,81317,11992,56685,85249,12736,32620,76489,30013,44418,46232,21773,38379,44753,13092,15121,11537,7455,31651,44551,29612,43302,53902,0,18947,14644,42567,39556,7840,63825,48966,27235,29167,32075,19489,35816,17279,29106,95872,93203,27632,69919,13993,84646,24644,29911,20458,63574,36309,71486,41943,92086,42094,29673,15676,33945,47546,21244,5816,26276,20282,13147,51796,23571,59361,23065,54107,25436,11067,48791,38214,54677,34172,38706,40258,15257,23926,50873,38310
44,75067,43850,8839,76593,25333,85872,53695,25127,44658,33035,37514,50218,57308,21798,74017,38909,67700,35151,74924,16957,62437,100250,9994,74522,103740,12226,46407,95094,48653,59201,47727,40124,57289,63435,30994,17746,20410,19142,50481,34390,48559,62215,72524,18947,0,25243,60924,57536,11192,82690,65522,45395,40190,50163,38248,34293,33861,43880,113757,74677,46488,87953,29537,103273,37328,47574,24656,81719,51775,89986,60185,75147,54212,38421,34419,52831,66331,38737,18732,42692,39218,30927,64250,11682,76669,26683,73035,17103,17537,67708,52358,72173,53101,57077,47533,15676,42789,65592,57238
45,89941,23506,18608,54405,19939,69099,30772,3262,29073,40249,31320,25072,37288,26959,49296,13694,53472,14897,92161,16926,73063,81583,23567,51133,81279,13166,44489,79266,28597,34004,32197,20152,40556,42559,23180,8967,4862,22092,35211,36898,31612,43048,51061,14644,25243,0,47499,34914,16625,62270,40950,34088,42646,28222,20453,23661,11628,18861,100536,93278,27990,64673,7486,87171,37703,24978,8200,58741,26847,74800,38019,88851,29302,15163,22525,33966,50305,16924,9267,36305,23008,12228,39314,22415,52569,37672,55168,20669,25404,48338,49500,48358,36369,35409,25668,11061,24885,40367,38616
46,134957,26215,60229,31967,35594,25865,29352,44582,18428,41002,78385,48553,18983,73327,45236,45818,6837,32935,135632,62931,119665,41585,51776,36402,53551,54558,25401,34289,22555,45510,74661,28351,9930,21716,29930,54415,48923,42259,12390,84283,16560,15927,26947,42567,60924,47499,0,27914,50292,29920,40053,15546,33299,26816,27104,70299,36754,40885,53477,135589,20863,44354,40106,42477,30831,29709,55655,38585,40044,29081,26180,134459,52577,53995,26975,17433,8218,32517,45603,20642,24502,35311,57015,65796,41766,46467,16541,66491,45320,17765,23476,37626,12538,24374,61885,55636,23027,49021,14933
47,124241,14337,52862,19490,36613,38731,4193,33471,20120,53555,60544,23194,8932,61366,20387,25760,30106,22414,126914,51743,106349,48341,51509,17132,46475,46913,44811,49276,11008,17765,52406,17832,18057,9514,33180,43825,38759,43977,20151,69432,16801,13597,16434,39556,57536,34914,27914,0,46580,28109,13049,27438,49469,7487,20755,52312,23951,18970,72413,128167,14720,30430,28468,56367,44782,10052,41366,24188,14107,46032,3420,122844,26188,33417,28146,11939,24652,18827,38832,35487,21544,26661,29218,57232,20284,55861,24975,55461,48224,16869,46144,15433,17100,3544,38164,45811,17590,21176,12985
48,84883,32732,10923,65501,14878,74918,42827,15485,33575,28266,38485,41444,46122,26198,63706,30045,57003,24166,85340,17271,70843,89140,7031,63644,92638,7514,38374,84295,37489,49601,45031,29017,46215,52268,20526,12427,11975,10501,39489,38879,37419,51028,61375,7840,11192,16625,50292,46580,0,71498,55157,34866,33571,39156,27059,33063,23254,34136,103479,85387,35296,77010,19184,92458,29719,36704,19363,70730,41813,79265,49143,84635,45840,31431,23488,41640,55381,27879,8243,33153,28049,19918,55808,16632,66008,23661,61936,19617,11414,56523,44194,61428,42002,45991,41558,11416,31597,56060,46058
49,152086,39277,79316,11361,58745,16774,32253,60381,38771,69685,88588,49793,25447,89095,29787,53864,25460,48281,154420,79196,134419,20536,75115,18810,23678,73288,55198,25548,34243,41073,79511,42968,27014,19715,53779,70964,65619,66258,34024,97520,34577,20601,11813,63825,82690,62270,29920,28109,71498,0,30874,41659,62717,34074,44454,80381,50782,47040,48745,155385,36204,17411,55262,30800,59558,37450,69210,14364,41172,24796,24727,150799,51455,61389,49221,29881,21702,45440,64581,48977,43594,52260,50337,84137,23299,74235,13481,82940,70108,15195,53333,22490,30600,26922,64975,72802,39907,40399,25636
50,126995,25557,59555,19661,47432,45289,14380,40450,32889,65773,60998,20719,21402,65328,8566,28641,41094,31759,130622,56736,108032,51140,60895,12988,42763,53938,57821,55424,23518,10561,49839,28400,30502,18868,44792,49797,45479,54404,33192,71355,29797,24471,20004,48966,65522,40950,40053,13049,55157,30874,0,40429,62214,18906,31896,53197,31919,22227,78911,132471,27307,25341,36035,61491,57398,19630,45640,20675,14309,53240,13917,125152,21156,34334,39858,24973,35385,27778,46986,48405,33360,35836,19676,63110,12109,67471,33181,60269,58697,25534,59186,9194,30051,16359,35310,51960,29662,9946,25420
51,119687,17845,45043,39887,20081,41037,26549,30940,8131,28281,65406,41756,20583,58711,47683,35808,22359,20920,120179,48379,104857,56284,36240,41762,65020,39541,17397,49814,17288,42240,63946,17999,14725,26456,14405,40014,34687,26735,8190,70186,10637,22164,34788,27235,45395,34088,15546,27438,34866,41659,40429,0,22528,22361,15174,57622,24830,32691,68637,120070,13676,52773,27149,58002,18429,23634,42266,46404,34870,44628,27595,119305,46469,43430,12010,15853,21807,22109,30755,8203,12089,22011,53248,50688,46326,32579,29574,51816,29922,26850,19489,41540,11951,24439,52729,41009,13116,47345,17728
52,114200,37458,44248,62199,22706,58318,47925,39542,29358,9007,71399,59339,43102,59685,69851,50468,39386,35723,112826,50724,102606,74389,30351,64290,86376,40789,8617,65000,38696,62374,74839,35835,36661,48956,20625,44217,40537,23127,30678,72432,32857,44397,57053,29167,40190,42646,33299,49469,33571,62717,62214,22528,0,43457,32091,64979,38689,49891,79101,111560,34906,75093,38409,72884,5248,43738,49481,68784,54323,59471,49966,114689,64310,56318,24183,38283,41323,38799,34901,14349,29685,34014,72534,49738,68811,16083,49665,53187,22912,48640,13829,63998,34425,46707,66792,44071,32846,68093,40197
53,118023,6926,45762,26530,29229,42519,4528,26495,14389,46874,55638,21746,10028,55023,27015,20950,30600,15012,120383,45145,100572,53722,44023,24619,53656,39772,39641,53016,5100,19985,49163,10347,17122,14404,26062,37004,31779,36539,16420,63784,12176,16029,22876,32075,50163,28222,26816,7487,39156,34074,18906,22361,43457,0,13384,47353,16883,14824,75582,121459,8725,37869,21411,60534,38561,3562,35190,31573,13353,49198,10044,116784,25807,29090,21066,9385,25813,11606,31504,29976,14503,19245,31249,50317,27629,48785,28396,48886,40799,20790,41735,22821,14478,7191,35597,38914,10755,24993,12931
54,109417,6458,35224,38740,15859,49176,17764,17670,8702,34231,51318,27624,19064,46869,40228,20662,33019,5929,110924,36510,93220,62567,31185,37774,65785,29233,30150,59136,10551,30424,48843,3766,20327,25263,12936,27955,22403,23245,14765,57337,11275,24091,34418,19489,38248,20453,27104,20755,27059,44454,31896,15174,32091,13384,0,43292,9854,18229,80105,111495,8306,50744,13013,67144,26919,12329,28569,44336,22266,54520,22764,108594,32532,28267,8168,14671,30026,7149,20301,20437,3088,8466,40449,40390,41000,35574,35560,40188,27477,29581,33711,36174,16071,19425,37614,29458,4699,36379,19218
55,74035,44712,25614,70763,42656,89835,48239,26903,51988,60994,8285,32578,57312,17492,60068,26585,75849,37393,78363,17353,54834,100643,39221,65635,95935,25638,67759,100287,49413,43276,13861,42039,62416,61371,46604,20970,24542,42443,57909,18397,53901,63318,68606,35816,34293,23661,70299,52312,33063,80381,53197,57622,64979,47353,43292,0,33546,33346,122443,80888,49835,78536,30508,107880,60347,43791,15754,73530,39751,96245,55723,72023,33719,19107,46185,55095,72057,38033,30087,59908,46118,35615,42044,23557,65244,56725,75705,17783,44385,68127,72965,62127,58458,54002,20547,21650,47284,48124,59556
56,101552,11884,28919,43354,17864,57532,19957,9619,18488,38814,41647,21242,25672,38586,40478,11839,42404,3934,103648,28478,84648,69966,29056,40733,70420,22961,38340,67755,16969,27213,39121,8660,29191,31069,18078,20181,14896,23576,24363,48279,20429,31420,39751,17279,33861,11628,36754,23951,23254,50782,31919,24830,38689,16883,9854,33546,0,12194,89294,104624,16553,54224,4530,75618,33449,13899,19333,48090,19041,63380,26866,100480,26191,18737,15078,22378,38932,5342,15156,29037,12838,4918,35355,33437,42819,38359,43561,32223,27766,36716,42524,38314,25091,24057,28621,22047,13754,33646,27018
57,105882,15184,37449,37693,30008,57078,14939,18804,24861,50760,41574,9453,24786,43463,30468,6889,45226,14268,109016,34556,87609,67310,40488,33304,63780,31989,48379,67616,18348,15466,34339,14808,31594,28159,29584,27607,23546,35710,29240,50676,24730,30735,35282,29106,43880,18861,40885,18970,34136,47040,22227,32691,49891,14824,18229,33346,12194,0,90351,110625,20374,46716,15175,74975,44652,11421,23550,41138,7994,63942,22385,104314,14419,14504,25722,23803,40601,11161,25904,38651,21133,17062,23194,40884,34095,50544,43010,38133,39853,35158,51809,30179,28348,20857,21004,29786,19633,21929,27720
58,188324,77755,113642,60010,88626,33824,75869,97766,71633,88091,130686,95598,65571,126756,78532,96472,47126,85690,188676,116356,173119,32022,104189,67519,55394,108022,70655,23487,73042,88449,124590,80641,60114,62913,82957,107817,102296,94700,65423,137435,68934,59619,58911,95872,113757,100536,53477,72413,103479,48745,78911,68637,79101,75582,80105,122443,89294,90351,0,188318,72755,63165,93058,18538,79192,79096,108567,62523,86519,26425,69167,187903,98233,104661,80405,67352,50406,84480,99080,71344,77749,88506,98584,119243,71994,94933,47477,119943,97164,55548,65321,71105,64212,69775,110542,109090,75663,88734,62948
59,16466,116155,76271,147645,99995,160250,124002,95012,118808,102860,74666,112630,130064,67174,140069,103918,142345,107152,6408,76428,33634,174062,84129,143902,174319,82273,119168,169681,121240,123339,90357,112509,131414,135686,105665,84456,89765,93630,124828,62693,122453,135501,144327,93203,74677,93278,135589,128167,85387,155385,132471,120070,111560,121459,111495,80888,104624,110625,188318,0,119774,157342,100128,177845,110109,118256,87109,151682,118254,164626,131298,21061,114430,98472,108874,126110,140733,109961,91206,117012,113021,103301,122923,71260,144545,95621,146996,72722,91220,140953,125031,140798,127155,128649,101366,82585,116188,128681,130704
60,117516,5356,43505,31040,23111,41158,13069,25474,5666,38845,58026,28835,10951,54774,35070,24960,26027,13105,119153,44479,101031,54291,39104,30932,57889,37501,30916,51277,3789,28567,53801,7892,12642,17307,18931,35961,30430,30667,8869,64813,4374,15786,26489,27632,46488,27990,20863,14720,35296,36204,27307,13676,34906,8725,8306,49835,16553,20374,72755,119774,0,43408,20521,59203,30119,10109,35875,36947,21353,46837,15868,116612,33338,33131,13935,6366,22378,11809,28598,21262,7587,16547,39645,48614,34760,41390,27377,48191,34762,21277,33125,29879,8625,12445,41249,37562,3706,33715,10930
61,152249,44520,83004,12895,66414,33801,34279,63577,47651,80938,86331,46041,32890,90175,19619,53455,41304,52845,155679,81132,133370,31659,81825,13541,17446,77126,68457,41205,40289,35577,74684,48146,38464,26548,62311,73640,68826,73922,44594,96655,43474,30695,18042,69919,87953,64673,44354,30430,77010,17411,25341,52773,75093,37869,50744,78536,54224,46716,63165,157342,43408,0,58695,44634,71203,40387,70250,6468,39188,41524,28000,150459,45993,59617,57340,37972,36521,49218,69233,60798,50922,57091,41628,87087,13429,84418,29307,84768,78090,26838,67608,16561,40836,31319,60310,75716,46898,32259,35082
62,97204,16181,24395,47883,16336,61658,24450,5119,21681,37487,38417,23438,30062,34307,44565,12696,46013,7417,99195,24103,80512,74332,25340,45186,74942,18450,39069,71797,21292,30593,37442,12721,33071,35557,17971,15719,10375,20912,27778,44380,24129,35732,44274,13993,29537,7486,40106,28468,19184,55262,36035,27149,38409,21411,13013,30508,4530,15175,93058,100128,20521,58695,0,79719,33247,18416,15556,52586,22661,67316,31396,96194,28229,17931,16156,26559,42819,9838,10964,30255,15678,5167,37833,28918,47145,36234,47768,27841,24918,41078,43688,42696,28883,28580,28388,17543,17400,37061,31214
63,176517,63770,101947,42158,77955,18098,60130,84670,59221,81539,116165,79296,50573,113965,60464,81441,35646,72307,177674,103638,160231,13713,94243,49598,37649,96083,64275,8188,58782,71405,108766,67019,46825,46904,72323,95092,89543,84733,53096,123847,55889,44574,41664,84646,103273,87171,42477,56367,92458,30800,61491,58002,72884,60534,67144,107880,75618,74975,18538,177845,59203,44634,79719,0,71784,64096,94918,44196,70323,13539,52998,175739,81517,89464,68972,53245,37228,70503,87051,62496,65199,75602,81075,107338,53833,87787,32197,107329,87769,39823,59848,53290,51097,54122,94435,96595,62496,71153,48625
64,112032,32414,40573,58316,17804,56425,43057,34558,24675,10191,66973,54099,38812,55917,65166,45238,37282,30476,111093,46630,99706,72349,27345,60015,83121,36698,9136,63757,33901,57266,69896,30673,32984,44840,15397,39764,35826,19224,26614,68560,28376,40570,53211,24644,37328,37703,30831,44782,29719,59558,57398,18429,5248,38561,26919,60347,33449,44652,79192,110109,30119,71203,33247,71784,0,38696,44741,64831,49174,58268,45458,112328,59071,51172,18957,33884,38566,33573,30272,10586,24589,28793,67342,46185,64386,16007,46814,49279,19795,45090,15087,59543,30375,42144,61615,39771,27874,63047,36146
65,114638,6282,42811,29494,27819,46079,6125,23432,15504,46486,52076,18966,13573,51660,28061,17402,33827,12598,117102,41872,97089,57217,41902,26952,56526,36861,40582,56571,7229,18767,45739,8769,20229,17854,25265,33841,28722,34896,18632,60274,14173,19580,26093,29911,47574,24978,29709,10052,36704,37450,19630,23634,43738,3562,12329,43791,13899,11421,79096,118256,10109,40387,18416,64096,38696,0,31763,34208,11254,52726,13046,113359,23313,25565,20424,12428,29185,8837,28848,30794,14146,16835,29614,47220,29452,47877,31953,45606,39186,24346,43124,24774,17206,10529,32342,35801,10971,24355,16309
