0,0,1,2,3,4,5,6,7,8,9,10,11,12,13,14,15,16,17,18,19,20,21,22,23,24,25,26,27,28,29,30,31,32,33,34,35,36,37,38,39,40,41,42,43,44,45,46,47,48,49,50,51,52,53,54,55,56,57,58,59,60,61,62,63,64,65,66,67,68,69,70,71,72,73,74,75,76,77,78,79,80,81,82,83,84,85,86,87,88,89,90,91,92,93,94,95,96,97,98,99
0,0,41654,69133,72090,85953,48351,43576,9535,26910,22713,44094,24827,61197,80202,53781,72762,37796,57358,6993,20576,62890,63252,100256,35992,12219,47657,33665,16106,25850,52323,104539,101458,38027,74788,71169,80623,37930,55691,56272,14269,47733,27871,73258,20069,33034,47726,42098,13603,48782,96835,69024,17496,69458,56025,62595,23479,71703,17078,11311,37631,45785,74592,116318,31773,27832,39670,52390,57174,84468,66731,30837,46146,46793,60809,8003,11231,72208,17614,52485,54095,91576,25647,35920,83733,45908,8430,73306,53655,91022,62618,46645,67312,28499,36553,7442,53851,27365,31057,42204,71327
1,41654,0,29717,113319,44828,12827,28229,33985,15020,29013,28816,45890,20391,42034,12784,114416,5128,96941,43620,23375,23975,31200,58607,20404,41208,7003,15555,26335,60879,15879,63339,61988,49300,35318,34049,39782,37045,32040,15156,52299,13889,17841,31640,23733,10016,8441,4095,30998,7723,55829,33367,24269,29599,16954,36527,19410,112593,31995,31239,4264,9727,116208,76573,25954,54461,15506,13595,19126,43001,25145,13301,21737,33228,19246,33674,48064,37701,35240,35178,12454,50827,25433,10526,42211,4254,42745,114915,22994,49656,22316,20438,26325,20495,8458,40300,29239,16088,10724,3974,30971
2,69133,29717,0,138536,30159,20871,53501,60278,42569,58718,35964,65442,10092,12562,23680,141141,31992,120393,69444,52816,28761,16338,35234,36352,70531,22738,44641,53040,83458,16993,44890,32500,62740,5686,7426,12715,64793,51178,15149,77256,35234,47554,17455,49308,36269,29022,27724,60148,25915,39446,10121,52655,27555,13198,25919,45655,137250,55607,57940,33915,23353,143277,62205,43063,74185,30766,16856,12014,26198,12176,38296,27833,57690,14006,61483,73133,14045,64908,35205,19327,36638,55066,39699,18733,26098,71616,141142,19937,32152,7660,43347,21983,50065,32636,66008,26537,41770,38837,31539,4035
3,72090,113319,138536,0,157961,117850,112372,79366,98313,92212,106186,74809,131850,148107,125735,13363,109018,21102,69766,92443,134956,128880,171573,102420,77285,118775,105390,87006,55824,121593,176540,169646,83483,143963,138934,150794,102500,124920,127276,61412,119677,99723,144929,90040,103988,119783,113172,84865,120685,168882,136050,89525,141547,126008,124763,94175,4438,82974,82081,109466,115843,17211,188315,96038,67019,107777,122536,126605,156315,138022,101242,111995,114113,132125,80050,65611,138166,85177,112186,125616,163654,95963,107982,154742,117549,73820,8843,120296,162939,132892,117675,139321,99788,107140,73150,117416,97884,102597,114197,141318
4,85953,44828,30159,157961,0,44101,54175,78765,59822,68674,63569,89370,29842,33968,32234,158432,49485,141764,88403,66096,24269,46477,18559,60599,83177,40290,53893,71122,105512,41614,18586,37402,89575,28937,36365,21687,67226,45306,32702,97124,39667,59058,14460,68527,54595,38241,45668,73917,37305,11015,39856,68465,17459,36469,56075,64226,157345,76565,75977,48530,44783,159981,33018,67397,98163,54429,38889,37492,4297,22330,57672,54703,56202,27442,77958,92890,42809,75898,64558,33018,6640,64614,50429,14721,40684,85649,159198,48188,5650,30333,44724,18643,59916,51954,85110,55776,60770,55519,43766,26164
5,48351,12827,20871,117850,44101,0,40957,39415,22191,40264,20543,45834,14638,31983,17606,120281,12555,100055,48582,33305,29149,18476,54348,16627,50580,7866,28095,32244,63181,3993,61663,53109,45540,26479,23171,32944,49768,43495,11561,56485,24958,29290,29681,28447,15898,17967,9115,40149,15018,54883,21686,32304,32660,8244,23891,24887,116668,34876,37112,16024,3249,122406,77062,23490,54660,10530,5215,8858,41217,21873,17546,11779,45896,16760,40813,52335,25682,45695,24672,13159,50642,37081,23152,37336,11764,51281,120319,10298,47949,15183,32520,27695,32409,12171,45145,17369,21005,18921,16405,23467
6,43576,28229,53501,112372,54175,40957,0,41457,30364,20939,55022,60456,43432,65952,29862,110135,30615,100108,49165,24978,30540,58975,72044,44895,35252,33829,15586,36183,68931,43554,71432,82903,68848,58363,59532,59700,13052,12548,38714,57704,18275,19632,46557,37164,31749,24770,32243,30097,28079,63539,59786,30593,36972,43044,64755,34138,112756,45045,38847,26085,37942,111000,78802,47866,67308,42016,40482,45641,54619,44017,34036,49356,5117,39761,37268,54110,64362,27401,62467,34312,57919,18038,19066,58945,29638,39102,111770,51204,59822,45951,10371,38299,16844,33540,46991,57317,33947,28772,24556,53122
7,9535,33985,60278,79366,78765,39415,41457,0,18965,22114,34644,20204,52772,71069,46551,81000,29664,63168,9638,16552,56530,53801,92274,26475,18078,39466,28929,7650,28302,43348,97307,92433,31855,65894,61980,72050,38721,52726,48027,18451,42020,23170,65564,10970,24674,40871,33860,12822,41465,89742,59724,11471,62846,47295,53065,14867,78607,8063,2896,30248,37025,83037,109957,22317,25985,30346,43703,48272,76983,58700,22116,36644,45440,52789,5659,14257,62812,19906,43112,46249,84638,23706,30012,75544,38199,15876,81237,44245,83640,54028,42424,60170,24919,27978,6400,44316,18674,23263,35152,62662
8,26910,15020,42569,98313,59822,22191,30364,18965,0,20067,26581,32696,34308,54137,27646,99608,10885,81988,28600,11919,38068,39179,73444,15994,28440,20747,14874,11315,46220,26172,78351,75049,38950,48253,45360,53768,33863,38980,29362,37306,24582,11449,46619,9075,6318,22218,15193,18030,22549,70812,43708,10122,44163,29377,41242,4783,97573,17733,16233,11394,19312,101491,91281,17595,40828,15971,25718,30786,58019,39878,5440,23882,35310,33955,19042,33074,47425,24188,34987,27327,65752,18057,13261,56839,19237,29112,100011,29552,64676,35805,27304,41259,15012,10026,25288,32519,3656,4303,16444,44546
9,22713,29013,58718,92212,68674,40264,20939,22114,20067,0,46336,42189,49171,71040,38159,90890,27710,79265,28646,8517,44515,58339,84933,35835,15012,36013,14990,19146,48344,44000,86993,90834,52698,64292,62887,68199,16683,33267,43889,36934,29009,11174,57824,21995,25250,31672,31537,9581,33932,79086,61854,13662,51347,45902,61184,21114,92369,27702,19982,24878,37056,92086,96816,35837,47990,35921,42413,47913,68018,52764,25468,43889,24101,47186,17117,33512,65944,7283,54894,40403,73572,4060,19382,69591,32706,18440,92178,48948,74121,51243,25564,50566,8973,28719,26853,52535,23274,21773,27487,59776
10,44094,28816,35964,106186,63569,20543,55022,34644,26581,46336,0,31412,33757,42903,37782,110611,24861,86810,41346,37863,49562,22981,71198,10588,51082,27422,39732,30266,50362,22110,80228,64118,26784,40476,34029,48622,60323,60720,31878,47033,42695,37801,49145,26051,23347,36533,24964,41774,34259,73999,30671,33792,53192,27190,19073,25391,104377,27169,33637,29378,21478,113239,96564,12327,39678,13359,25379,26097,60273,41292,21602,8939,60136,36874,38641,43479,32160,49147,8714,33670,70198,44626,35986,54526,30218,50017,109919,16028,66830,33312,48887,48125,41409,21614,38262,11237,23125,26599,32740,39669
11,24827,45890,65442,74809,89370,45834,60456,20204,32696,42189,31412,0,60464,73900,58475,79731,40796,55453,18333,35645,69855,54273,100074,29286,36671,49167,46325,24274,19027,49099,107346,95318,13706,70542,64819,78089,58856,70817,56771,18817,57246,41092,75175,23980,35934,54074,44046,33025,53550,100320,61704,29899,75380,54022,49994,27961,72965,15489,22213,43326,44669,82550,121945,22445,8827,35304,50968,53997,86809,67530,32608,37882,64799,62001,25705,16984,63520,39956,37567,56487,95735,43352,45846,83069,49542,33232,78792,46179,93572,60919,59603,71565,43613,37813,17508,42649,30234,36438,48425,68690
12,61197,20391,10092,131850,29842,14638,43432,52772,34308,49171,33757,60464,0,22634,13687,133757,23446,114414,62216,43753,20643,20354,39879,31258,61577,13666,34809,45281,77620,11789,47073,41665,59794,15309,16408,19491,54714,41638,5282,70441,25181,38069,15394,41891,28180,18938,19121,51306,15873,40443,17565,44194,21424,6642,29428,37919,130809,49013,50246,24653,16080,135724,62859,38124,69292,25165,9512,7859,26722,7535,30675,24866,47678,4775,53350,66239,22152,55591,35487,9246,36459,45419,29942,22921,16473,62973,133997,18848,33410,2572,33329,15750,40387,24795,58794,26830,34099,30291,21757,10607
13,80202,42034,12562,148107,33968,31983,65952,71069,54137,71040,42903,73900,22634,0,36090,151405,43889,129315,79907,64841,39722,20077,31966,45767,82408,35031,57138,64115,92501,27990,44209,21551,69235,7741,9185,12280,77348,63001,27707,87279,47676,59865,25297,60169,47822,41573,39727,71983,38477,40703,12234,64259,37079,25171,27747,56811,146576,65700,68909,46170,34837,153701,62599,52070,82418,40845,28747,23401,29670,23014,49504,36136,70044,26238,72768,83265,11820,77066,39671,31879,39560,67454,52170,19474,38558,83247,151168,27820,33862,20222,55730,32068,62479,44112,76492,32019,52944,50637,44037,13130
14,53781,12784,23680,125735,32234,17606,29862,46551,27646,38159,37782,58475,13687,36090,0,126417,17737,109634,56186,34317,11921,31867,47029,31415,51881,10412,23206,38916,73660,17911,50805,53733,60928,28509,30042,30605,41561,28295,9577,64946,11589,27629,19812,36491,22771,6489,14557,42153,5097,43194,30827,36284,16904,15054,39710,32153,125112,44777,43751,16303,16313,128072,63790,37677,67117,25580,14060,17727,30711,14833,26008,29289,34011,9933,45778,60717,35458,45095,42258,5288,38106,34179,18934,31435,8934,53973,127077,26760,37241,16248,19667,13619,29186,20677,52912,34584,28871,23348,11583,23315
15,72762,114416,141141,13363,158432,120281,110135,81000,99608,90890,110611,79731,133757,151405,126417,0,110478,31029,71698,92351,134817,132791,173018,105682,75898,120336,104915,88482,60837,124153,176994,172932,89876,146701,142226,153045,99285,122591,128938,64141,119320,99481,146001,91936,105597,120220,114747,84556,121472,169198,139585,90200,141552,128265,129544,95837,17758,85713,83514,110373,118002,3994,187688,99677,72741,110627,124691,129130,157128,139477,103116,115604,111301,133554,80746,68141,142072,83651,117281,126856,163822,94824,108027,156443,118670,72956,4702,123793,163615,135026,116436,139838,99062,108972,75135,121729,99670,103801,114836,143639
16,37796,5128,31992,109018,49485,12555,30615,29664,10885,27710,24861,40796,23446,43889,17737,110478,0,92319,39252,20963,29091,30816,62620,15721,38557,9862,16226,22054,56056,16319,67913,64488,44253,37674,35396,42926,37934,35914,18476,47792,18383,16761,35955,19087,5109,13529,4329,28159,12757,60500,34175,20771,34622,18815,34876,14855,108185,27119,27017,4561,9349,112375,81486,20939,49398,11551,15176,20505,47462,29043,8274,18752,35718,23127,29913,43556,38234,33274,31895,16627,55593,24552,11669,45964,8862,39658,110843,21771,54171,25021,24034,31130,19974,3495,35881,26915,11287,6871,8394,33773
17,57358,96941,120393,21102,141764,100055,100108,63168,81988,79265,86810,55453,114414,129315,109634,31029,92319,0,53595,77899,119665,109723,154294,84046,65037,101828,90989,70754,36934,103637,160231,150764,63027,125665,120201,132884,91872,112528,110127,44719,104857,85168,128209,73243,87214,104039,96288,70843,104537,152769,117140,74132,126014,108291,105009,77538,18165,65460,66024,93360,98334,34900,173119,77417,47191,89710,104953,108633,139769,120974,84238,93212,102606,115159,64945,48933,118958,72764,92300,108918,147741,82655,92894,137319,101082,61028,27961,101532,146488,115228,103984,123243,85838,90080,56773,98036,81036,86286,98311,123409
18,6993,43620,69444,69766,88403,48582,49165,9638,28600,28646,41346,18333,62216,79907,56186,71698,39252,53595,0,24965,66070,61984,101827,34531,19212,49017,37866,17286,19766,52459,106946,101375,31855,75014,70759,81390,44452,60959,57546,8956,51375,32030,75180,20326,34225,50471,43412,19130,51102,99379,68311,20623,72433,56589,60286,24410,68973,14458,12448,39883,46338,73856,119526,29297,20838,39061,53037,57432,86615,68263,31544,44688,52700,62361,11972,4974,71148,24259,49340,55858,94267,31127,39375,85049,47829,15318,71797,52624,93276,63390,51225,69806,33275,37436,3436,51779,28148,32900,44767,71962
19,20576,23375,52816,92443,66096,33305,24978,16552,11919,8517,37863,35645,43753,64841,34317,92351,20963,77899,24965,0,42567,50898,81317,27405,17835,30169,13092,11560,44551,37193,84646,85249,45140,58477,56344,63153,24274,36198,38531,33841,27235,7301,54107,13750,17655,27972,25125,7840,29568,76848,54990,5816,49243,39709,53159,12596,92191,20458,13878,19111,30204,93887,95872,27344,42329,27890,36100,41468,64937,48253,17359,35790,29167,42439,13064,29932,58890,12416,46455,35575,71486,7951,15676,65312,27458,19655,93220,41342,71335,45597,26276,47546,8383,21310,22401,44418,14895,14394,22870,54304
20,62890,23975,28761,134956,24269,29149,30540,56530,38068,44515,49562,69855,20643,39722,11921,134817,29091,119665,66070,42567,0,40883,41585,43315,59189,22309,29930,49031,84283,28750,42477,53551,72794,32049,36068,30831,43488,24006,19006,74973,15546,35354,16541,47119,33929,15883,26325,50292,16421,34573,37909,45603,6837,24807,49600,42775,134585,55655,53658,26763,28155,136232,53477,49494,78385,37502,24938,27211,24191,16798,37247,40923,33299,15871,54987,70788,42367,51772,53566,16027,29081,40462,26975,28793,20597,61872,135771,37469,29826,22953,20642,8218,35882,32258,62931,45510,39823,33888,21647,26720
21,63252,31200,16338,128880,46477,18476,58975,53801,39179,58339,22981,54273,20354,20077,31867,132791,30816,109723,61984,50898,40883,0,50224,27461,67416,25147,46571,47553,73095,15432,60861,41137,49158,19149,11733,27738,68224,59950,22444,68732,41863,47560,33237,43328,33248,34760,27592,57111,31453,55714,8023,48943,41619,16816,9614,40695,127184,47541,52007,34497,21713,135260,78447,33117,62644,23783,18618,14140,42536,26489,33909,17299,63783,25064,56410,64881,9293,63297,19819,26580,52975,55342,41618,34593,29338,67506,132314,9701,48427,18340,49891,35892,50784,29653,58650,11948,37061,36621,34529,20365
22,100256,58607,35234,171573,18559,54348,72044,92274,73444,84933,71198,100074,39879,31966,47029,173018,62620,154294,101827,81317,41585,50224,0,70788,98906,52811,69951,84675,117489,50975,13713,24082,97970,31127,38546,22651,85045,63742,44299,110206,56284,74645,27217,81533,67606,53466,58417,89140,51765,14795,42340,82863,35078,46109,59051,77421,170617,88874,89636,62695,55959,174813,32022,77633,108884,64834,49357,46097,17425,33576,70335,62951,74389,39494,92282,105987,43479,92005,69935,46161,18212,80895,65937,17014,54355,100966,173455,55170,13233,39180,62222,34477,75999,64439,98430,61490,73689,69224,58463,31600
23,35992,20404,36352,102420,60599,16627,44895,26475,15994,35835,10588,29286,31258,45767,31415,105682,15721,84046,34531,27405,43315,27461,70788,0,41569,21203,29436,20874,47112,19812,78285,67318,29554,41634,36582,48910,49758,51451,27900,41540,34094,27239,46236,16557,13163,28717,17147,31832,27085,71446,33909,23678,47944,24756,26892,15129,101009,20111,24911,19969,15901,108045,93469,6868,38101,6170,21819,24730,57814,38473,11079,10192,49990,33160,29631,37581,36619,38988,19059,28344,67088,34045,26023,53782,22861,40981,105401,18138,64557,31636,39500,43493,30845,12240,31189,18033,12573,16207,24065,39468
24,12219,41208,70531,77285,83177,50580,35252,18078,28440,15012,51082,36671,61577,82408,51881,75898,38557,65037,19212,17835,59189,67416,98906,41569,0,47966,29291,20825,37175,54540,101614,103006,49424,76207,73744,80988,27250,47778,56363,25499,43642,24265,71692,25093,34687,45442,42807,10432,47266,93739,72148,18474,65992,57371,68398,26837,77547,26041,17925,36945,47599,77144,111791,39027,40050,43731,53734,59007,82281,66035,33535,51171,37569,60247,12818,23158,75835,7893,59768,53383,88270,18926,32976,83071,45289,4365,77165,57724,88540,63389,40577,64818,23306,38415,19183,59524,30361,31771,40589,72112
25,47657,7003,22738,118775,40290,7866,33829,39466,20747,36013,27422,49167,13666,35031,10412,120336,9862,101828,49017,30169,22309,25147,52811,21203,47966,0,22371,31885,65318,9747,58532,55089,50758,28362,27105,33155,43542,35678,8615,57458,17170,24840,26392,28746,14794,10120,5606,37659,7167,51287,26591,30543,26743,9985,31522,24609,117879,36409,36852,11177,5951,122238,72782,27684,57929,15239,6802,12271,37997,19247,17601,19106,38644,13361,39762,53228,31016,42177,32352,7319,46587,32432,17338,36108,4191,49307,120681,17987,44747,15428,24923,22462,27481,11750,45625,25235,20897,16654,9545,24147
26,33665,15555,44641,105390,53893,28095,15586,28929,14874,14990,39732,46325,34809,57138,23206,104915,16226,90989,37866,13092,29930,46571,69951,29436,29291,22371,0,22389,57217,31390,72323,76338,53700,50088,49464,53485,21742,24509,29559,46797,14405,5841,42834,22443,16384,16731,18980,20526,19181,64453,48909,17459,36714,32343,51097,18957,105212,30852,26076,12100,24866,106304,82957,32290,53830,27069,29109,34626,53099,37906,18482,34761,20625,32450,26093,42801,53257,22078,47486,25783,58999,10979,5037,54640,18593,31959,105942,37875,59282,37031,13515,35632,6053,18650,35102,43094,18404,13242,13102,45347
27,16106,26335,53040,87006,71122,32244,36183,7650,11315,19146,30266,24274,45281,64115,38916,88482,22054,70754,17286,11560,49031,47553,84675,20874,20825,31885,22389,0,35408,36216,89659,85351,33654,58689,55107,64635,35618,46725,40469,26040,34785,16911,57922,4317,17116,33300,26283,11916,33826,82103,53045,5744,55282,39960,47766,7393,86257,8915,4969,22618,29704,90449,102406,18342,31461,23802,36337,41071,69334,51098,14746,30755,40576,45182,8859,21820,56359,19615,38962,38613,77013,19474,22831,67986,30551,20121,88796,37880,75991,46614,35872,52535,19339,20526,13996,38902,11273,15613,27559,55294
28,25850,60879,83458,55824,105512,63181,68931,28302,46220,48344,50362,19027,77620,92501,73660,60837,56056,36934,19766,44551,84283,73095,117489,47112,37175,65318,57217,35408,0,66725,123847,113999,29586,88736,83360,95962,63766,80675,73467,11693,70186,51428,91700,37208,50955,68438,59856,38879,68577,116527,80370,39768,90354,71424,69021,41559,54099,28946,31179,57585,61558,63758,137435,40507,12175,52795,68131,71715,103316,84323,47840,56367,72432,78571,31700,14838,82372,43438,56567,72518,111650,50893,58206,100492,64905,32836,59790,64688,110065,78363,70688,87174,52916,53586,22157,61592,44803,50443,62663,86491
29,52323,15879,16993,121593,41614,3993,43554,43348,26172,44000,22110,49099,11789,27990,17911,124153,16319,103637,52459,37193,28750,15432,50975,19812,54540,9747,31390,36216,66725,0,58793,49135,48006,22560,19204,29257,52919,45125,10015,60274,26747,32947,27155,32386,19870,19627,12553,44108,16412,52231,17858,36289,31481,5148,22032,28869,120359,38634,41071,19453,6990,126303,74632,26661,57910,13930,3862,5012,38505,19284,21534,13175,48389,14797,44802,56144,21990,49560,24886,12872,48219,40724,26383,33970,13934,55269,124150,8851,45176,11851,34632,26191,35968,16147,49023,16779,24989,22834,19102,19775
30,104539,63339,44890,176540,18586,61663,71432,97307,78351,86993,80228,107346,47073,44209,50805,176994,67913,160231,106946,84646,42477,60861,13713,78285,101614,58532,72323,89659,123847,58793,0,37649,106715,41847,49550,33300,84435,61397,50583,115636,58002,77571,32197,86989,73020,56825,64000,92458,55865,7934,53328,87051,35646,53678,70135,82708,175904,94918,94531,67091,62677,178518,18538,85138,116165,72147,56466,54270,20555,39828,76042,71563,72884,45377,96544,111399,55166,94247,80095,51342,13539,82939,68972,26269,59162,104163,177779,64373,13791,47049,62496,37228,78319,70261,103638,71405,79198,74049,62350,40925
31,101458,61988,32500,169646,37402,53109,82903,92433,75049,90834,64118,95318,41665,21551,53733,172932,64488,150764,101375,85249,53551,41137,24082,67318,103006,55089,76338,85351,113999,49135,37649,0,90015,26815,30736,23217,95167,77539,46947,108817,65020,79733,37027,81493,68739,59911,60208,92638,57179,38232,33630,85147,48684,45697,47449,77996,168089,87220,90200,66233,55775,175204,55394,73607,103761,62327,49353,44315,33977,39006,70648,57656,86376,43983,93897,104791,32074,97227,60035,50554,40134,87058,71552,25208,58138,104115,172715,49349,33999,39674,72535,45337,82019,65079,97952,53021,74112,71337,63380,31058
32,38027,49300,62740,83483,89575,45540,68848,31855,38950,52698,26784,13706,59794,69235,60928,89876,44253,63027,31855,45140,72794,49158,97970,29554,49424,50758,53700,33654,29586,48006,106715,90015,0,67233,60591,75406,69266,77920,57081,32237,62259,49230,75119,31775,40158,57741,46489,44259,56446,100237,57085,39361,77496,53152,42873,34765,81097,25016,33168,47790,45335,92976,122576,23357,17410,35597,50726,52445,86510,67257,36946,35172,73567,62300,37514,30679,57962,51687,30085,57863,96150,53089,52034,81238,52230,46306,88423,42804,93165,59666,66153,72965,52282,40842,30590,37221,35687,41788,52559,66408
33,74788,35318,5686,143963,28937,26479,58363,65894,48253,64292,40476,70542,15309,7741,28509,146701,37674,125665,75014,58477,32049,19149,31127,41634,76207,28362,50088,58689,88736,22560,41847,26815,67233,0,7721,8596,69932,55259,20529,82750,40098,53140,18317,54927,41951,34176,33401,65828,31171,37155,11481,58341,29728,18885,28289,51309,142623,61095,63579,39535,29021,148863,59721,48260,79237,36194,22543,17625,24721,15295,43951,32729,62390,18603,67155,78645,13886,70539,38808,24520,35077,60605,45183,15670,31616,77303,146660,24576,29955,13068,48100,24536,55590,38311,71579,30403,47423,44522,37004,5389
34,71169,34049,7426,138934,36365,23171,59532,61980,45360,62887,34029,64819,16408,9185,30042,142226,35396,120201,70759,56344,36068,11733,38546,36582,73744,27105,49464,55107,83360,19204,49550,30736,60591,7721,0,16258,70298,58022,20819,78096,41392,51738,24575,51113,39069,34789,31371,63312,31528,44852,3802,55467,34977,17122,20612,47847,137421,56527,59864,38045,26163,144532,67441,42902,73383,31702,20489,14974,32214,19594,40585,26994,63920,20844,63814,74087,6703,68669,31547,25240,42629,59437,44438,23391,30931,74429,141982,18672,37631,13836,49585,29409,54538,35343,67348,23430,43999,42021,36465,10685
35,80623,39782,12715,150794,21687,32944,59700,72050,53768,68199,48622,78089,19491,12280,30605,153045,42926,132884,81390,63153,30831,27738,22651,48910,80988,33155,53485,64635,95962,29257,33300,23217,75406,8596,16258,0,71956,54805,24635,89416,41811,57224,14712,61108,47588,36887,38598,70761,34310,28925,20047,63684,26817,24810,36864,57249,149603,67820,69588,44043,35052,155074,51312,55674,86850,43175,28355,24252,17389,15810,49937,40549,63246,21035,72809,85251,22004,74816,47334,27798,27375,64335,48825,7378,35723,82454,153182,32610,21865,18023,49329,22658,59291,44109,77956,38844,53394,49779,40725,9483
36,37930,37045,64793,102500,67226,49768,13052,38721,33863,16683,60323,58856,54714,77348,41561,99285,37934,91872,44452,24274,43488,68224,85045,49758,27250,43542,21742,35618,63766,52919,84435,95167,69266,69932,70298,71956,0,24118,49698,52116,30147,22522,59263,38008,37382,35776,40666,25968,38896,76555,70100,29953,49992,53329,72808,36270,103241,44324,36660,33832,46559,99886,91276,51053,64428,48354,50345,55773,67624,56162,38727,56221,12285,51475,33509,49112,74556,20328,68495,45468,70935,16394,26616,71629,39491,31552,101228,59617,72873,57142,22965,51093,18914,40126,43065,64683,37465,33917,34001,64837
37,55691,32040,51178,124920,45306,43495,12548,52726,38980,33267,60720,70817,41638,63001,28295,122591,35914,112528,60959,36198,24006,59950,63742,51451,47778,35678,24509,46725,80675,45125,61397,77539,77920,55259,58022,54805,24118,0,37872,69663,18543,29817,40511,46950,38574,25565,36071,42107,28715,53663,59068,41443,29262,43184,67135,43351,125300,55333,49980,31500,40974,123398,67213,55631,78176,47361,41507,45878,46530,40051,41454,53731,11888,37216,48989,65930,63694,39910,67195,33507,48106,30044,25965,52613,31758,51576,124274,53658,50901,44203,11963,32223,27815,39298,58565,60781,42259,36317,28068,49870
38,56272,15156,15149,127276,32702,11561,38714,48027,29362,43889,31878,56771,5282,27707,9577,128938,18476,110127,57546,38531,19006,22444,44299,27900,56363,8615,29559,40469,73467,10015,50583,46947,57081,20529,20819,24635,49698,37872,0,65908,20601,32789,18405,37237,23357,14000,14191,46125,10802,43586,21324,39135,21468,5826,30718,33160,126325,44666,45438,19421,12106,130850,65585,34694,65586,21730,6499,8366,30039,10856,26035,22961,43120,5260,48376,61688,25952,50321,34875,4452,39189,40139,24672,27518,11193,57830,129259,18515,36803,7495,28804,16252,35109,20139,54141,26597,29399,25261,16487,15889
39,14269,52299,77256,61412,97124,56485,57704,18451,37306,36934,47033,18817,70441,87279,64946,64141,47792,44719,8956,33841,74973,68732,110206,41540,25499,57458,46797,26040,11693,60274,115636,108817,32237,82750,78096,89416,52116,69663,65908,0,60328,40958,83747,28720,42715,59319,51870,27610,59852,108117,75444,29579,81296,64614,66105,32946,60421,21654,21315,48656,54433,66536,128408,35627,17186,46577,61128,65280,95241,76695,39877,51493,61032,70819,20787,4237,77993,31789,54420,64420,103049,39691,48325,93342,56476,21175,63925,59656,101930,71487,60117,78562,42098,45770,12053,57937,36565,41608,53592,79948
40,47733,13889,35234,119677,39667,24958,18275,42020,24582,29009,42695,57246,25181,47676,11589,119320,18383,104857,51375,27235,15546,41863,56284,34094,43642,17170,14405,34785,70186,26747,58002,65020,62259,40098,41392,41811,30147,18543,20601,60328,0,19956,29574,33559,22100,7123,17771,34866,10409,50110,41867,30755,22359,25349,48683,29358,119415,42266,39125,14475,22445,120706,68637,39136,65406,29395,23262,28020,39144,26016,25341,35330,22528,21506,39943,56212,46482,36248,48797,16158,44628,24950,12010,41804,13215,46364,120330,35157,45136,27715,8203,21807,20336,21878,48379,42240,27113,20859,10043,34882
41,27871,17841,47554,99723,59058,29290,19632,23170,11449,11174,37801,41092,38069,59865,27629,99481,16761,85168,32030,7301,35354,47560,74645,27239,24265,24840,5841,16911,51428,32947,77571,79733,49230,53140,51738,57224,22522,29817,32789,40958,19956,0,47435,17537,15092,21178,20428,14937,23117,69741,50778,11724,42072,34731,51048,14625,99489,25609,20341,13707,26056,100951,88592,28963,48359,26083,31255,36764,58045,41963,16208,34044,24353,36275,20255,36971,54930,17601,46009,29441,64343,7792,8711,58927,21596,26593,100417,38358,64361,40103,19260,40598,3608,18217,29293,42630,15098,11560,16520,48677
42,73258,31640,17455,144929,14460,29681,46557,65564,46619,57824,49145,75175,15394,25297,19812,146001,35955,128209,75180,54107,16541,33237,27217,46236,71692,26392,42834,57922,91700,27155,32197,37027,75119,18317,24575,14712,59263,40511,18405,83747,29574,47435,0,55033,41035,26260,31921,61936,24582,25210,27573,55801,12111,22012,42826,50808,144137,62802,62853,35628,30510,147729,47477,53061,83989,40073,24465,23114,11642,7871,43970,40260,49665,13181,65262,79511,31277,64844,50459,19328,21066,53805,38731,12387,27394,73760,146547,33940,18408,16049,36312,8357,48866,38142,71824,41697,47200,42346,31271,13896
43,20069,23733,49308,90040,68527,28447,37164,10970,9075,21995,26051,23980,41891,60169,36491,91936,19087,73243,20326,13750,47119,43328,81533,16557,25093,28746,22443,4317,37208,32386,86989,81493,31775,54927,51113,61108,38008,46950,37237,28720,33559,17537,55033,0,13997,31249,23152,15821,31398,79537,48958,8382,53146,36335,43448,4351,89135,8709,8757,20382,26068,93999,100235,14337,31877,19630,32754,37303,66550,47991,11218,26458,41814,42105,13133,24487,52194,23395,34761,35711,74559,21628,21918,64728,27843,24435,92111,33676,73256,43093,35627,50058,20507,17112,16909,34585,7848,13240,25476,51706
44,33034,10016,36269,103988,54595,15898,31749,24674,6318,25250,23347,35934,28180,47822,22771,105597,5109,87214,34225,17655,33929,33248,67606,13163,34687,14794,16384,17116,50955,19870,73020,68739,40158,41951,39069,47588,37382,38574,23357,42715,22100,15092,41035,13997,0,18151,9188,24258,17736,65609,37487,16440,39616,23085,36035,9815,103122,22026,22085,7643,12993,107545,86552,17160,44462,10999,19430,24467,52560,34037,3337,18952,36851,28136,25255,38480,41287,30067,31193,21715,60696,22616,12877,50876,13951,35430,105901,23738,59274,29588,26614,36222,18633,3728,30838,27545,6178,3541,12590,38311
45,47726,8441,29022,119783,38241,17967,24770,40871,22218,31672,36533,54074,18938,41573,6489,120220,13529,104039,50471,27972,15883,34760,53466,28717,45442,10120,16731,33300,68438,19627,56825,59911,57741,34176,34789,36887,35776,25565,14000,59319,7123,21178,26260,31249,18151,0,11681,35812,3339,49109,35032,30258,21982,18362,41588,26901,119258,39772,38024,10880,15643,121822,69107,34392,62550,23471,16148,21008,36966,21205,21486,28747,29308,15929,39740,55111,39622,38610,42164,9694,43876,27697,12470,37919,6397,47615,120957,28093,43397,21381,15161,19619,22698,16899,47265,35317,23954,18011,5774,29160
46,42098,4095,27724,113172,45668,9115,32243,33860,15193,31537,24964,44046,19121,39727,14557,114747,4329,96288,43412,25125,26325,27592,58417,17147,42807,5606,18980,26283,59856,12553,64000,60208,46489,33401,31371,38598,40666,36071,14191,51870,17771,20428,31921,23152,9188,11681,0,32429,9962,56679,30351,25099,31410,14584,32545,19004,112287,30918,31252,6923,5892,116664,77947,23169,52752,11794,10980,16411,43493,24851,12050,17669,37266,18955,34231,47638,34542,37348,31125,12661,51881,28189,14050,41703,5741,43970,115079,19075,50229,20697,24524,27541,23414,6292,40022,25154,15305,11195,8046,29449
47,13603,30998,60148,84865,73917,40149,30097,12822,18030,9581,41774,33025,51306,71983,42153,84556,28159,70843,19130,7840,50292,57111,89140,31832,10432,37659,20526,11916,38879,44108,92458,92638,44259,65828,63312,70761,25968,42107,46125,27610,34866,14937,61936,15821,24258,35812,32429,0,37380,84646,61732,8243,57003,46973,58459,16796,84723,19363,11093,26752,37168,86063,103479,30146,38485,33528,43330,48583,72777,56004,23202,41128,33571,50163,7562,24042,65451,7725,50487,43305,79265,12084,23488,73075,35144,11825,85480,47436,79168,53064,33153,55381,15028,27986,17271,49601,20127,21350,30680,61802
48,48782,7723,25915,120685,37305,15018,28079,41465,22549,33932,34259,53550,15873,38477,5097,121472,12757,104537,51102,29568,16421,31453,51765,27085,47266,7167,19181,33826,68577,16412,55865,57179,56446,31171,31528,34310,38896,28715,10802,59852,10409,23117,24582,31398,17736,3339,9962,37380,0,48277,31710,31291,21880,15023,38423,27059,120041,39713,38672,11225,12976,123166,68862,33111,62153,21508,12859,17669,35685,18854,21004,26172,32643,13275,40779,55622,36295,40698,39490,6663,43203,30034,14551,35818,4226,49206,122089,24994,42262,18256,18496,18710,24994,15842,47821,32385,23804,18251,6699,26264
49,96835,55829,39446,168882,11015,54883,63539,89742,70812,79086,73999,100320,40443,40703,43194,169198,60500,152769,99379,76848,34573,55714,14795,71446,93739,51287,64453,82103,116527,52231,7934,38232,100237,37155,44852,28925,76555,53663,43586,108117,50110,69741,25210,79537,65609,49109,56679,84646,48277,0,48542,79363,27750,47085,65191,75232,168301,87581,86946,59497,55687,170692,22766,78267,109121,65282,49667,47911,13734,33019,68687,65207,65070,38335,88849,103884,50899,86345,74460,44026,5621,75035,61171,21564,51694,96327,170026,58360,7294,40687,54562,29578,70437,62964,96095,65699,71785,66509,54690,35415
50,69024,33367,10121,136050,39856,21686,59786,59724,43708,61854,30671,61704,17565,12234,30827,139585,34175,117140,68311,54990,37909,8023,42340,33909,72148,26591,48909,53045,80370,17858,53328,33630,57085,11481,3802,20047,70100,59068,21324,75444,41867,50778,27573,48958,37487,35032,30351,61732,31710,48542,0,53752,37402,16801,16817,45889,134464,53976,57713,37185,24832,141954,71170,40032,70196,29377,19807,14328,35753,21920,38739,24060,64327,22253,61829,71489,4631,67381,27836,25771,46193,58540,43872,27136,30609,72632,139251,15797,41300,15072,50067,31735,53730,33766,64922,19870,42090,40600,36109,13845
51,17496,24269,52655,89525,68465,32304,30593,11471,10122,13662,33792,29899,44194,64259,36284,90200,20771,74132,20623,5816,45603,48943,82863,23678,18474,30543,17459,5744,39768,36289,87051,85147,39361,58341,55467,63684,29953,41443,39135,29579,30755,11724,55801,8382,16440,30258,25099,8243,31291,79363,53752,0,52085,39457,50224,8576,89031,14645,8621,20176,29433,91951,99080,22551,36794,25301,35798,40905,66975,49409,15066,32885,34901,43499,9494,25491,57382,15355,42490,36723,74130,13738,18766,66461,28515,18990,90798,39255,73526,45790,30960,49823,13785,20147,17705,41370,11905,13905,24709,54541
52,69458,29599,27555,141547,17459,32660,36972,62846,44163,51347,53192,75380,21424,37079,16904,141552,34622,126014,72433,49243,6837,41619,35078,47944,65992,26743,36714,55282,90354,31481,35646,48684,77496,29728,34977,26817,49992,29262,21468,81296,22359,42072,12111,53146,39616,21982,31410,57003,21880,27750,37402,52085,0,26886,50841,48795,141114,61559,59992,32775,32257,142997,47126,54393,84016,41923,27897,28924,17655,15481,42882,44333,39386,17036,61519,77091,41580,58600,56290,19696,22286,47293,33596,23526,25838,68629,142464,39763,23046,23279,27307,5731,42688,37578,69243,47859,45656,39914,27735,24722
53,56025,16954,13198,126008,36469,8244,43044,47295,29377,45902,27190,54022,6642,25171,15054,128265,18815,108291,56589,39709,24807,16816,46109,24756,57371,9985,32343,39960,71424,5148,53678,45697,53152,18885,17122,24810,53329,43184,5826,64614,25349,34731,22012,36335,23085,18362,14584,46973,15023,47085,16801,39457,26886,0,24897,32566,124863,43047,44888,21024,10269,130332,69487,31622,62845,18733,3658,2693,33361,14141,25218,18272,47661,9930,48324,60444,21335,51897,29432,9766,43077,42379,27315,29095,13856,58418,128375,12880,40040,6939,33502,21434,37449,19480,53154,20979,28688,25645,19383,15374
54,62595,36527,25919,124763,56075,23891,64755,53065,41242,61184,19073,49994,29428,27747,39710,129544,34876,105009,60286,53159,49600,9614,59051,26892,68398,31522,51097,47766,69021,22032,70135,47449,42873,28289,20612,36864,72808,67135,30718,66105,48683,51048,42826,43448,36035,41588,32545,58459,38423,65191,16817,50224,50841,24897,0,41665,122790,45952,51713,39105,26818,132223,87887,31014,57846,25279,25760,22398,52108,35935,35801,17386,69737,34003,56509,62543,15936,65287,12804,34481,62554,58650,46392,43908,35597,67871,128747,13593,57916,27623,56392,45138,54505,32849,57127,8874,38468,39570,40252,29934
55,23479,19410,45655,94175,64226,24887,34138,14867,4783,21114,25391,27961,37919,56811,32153,95837,14855,77538,24410,12596,42775,40695,77421,15129,26837,24609,18957,7393,41559,28869,82708,77996,34765,51309,47847,57249,36270,43351,33160,32946,29358,14625,50808,4351,9815,26901,19004,16796,27059,75232,45889,8576,48795,32566,41665,0,93330,12953,12338,16031,22312,97827,95886,14830,36048,16930,28944,33698,62295,43853,7358,24357,38951,37950,15966,28709,49333,23859,34052,31480,70235,19963,17902,60677,23547,26825,96103,30994,68989,39226,31821,45732,17933,13141,21029,32805,3886,8890,21129,47901
56,71703,112593,137250,4438,157345,116668,112756,78607,97573,92369,104377,72965,130809,146576,125112,17758,108185,18165,68973,92191,134585,127184,170617,101009,77547,117879,105212,86257,54099,120359,175904,168089,81097,142623,137421,149603,103241,125300,126325,60421,119415,99489,144137,89135,103122,119258,112287,84723,120041,168301,134464,89031,141114,124863,122790,93330,0,81822,81373,108815,114758,21635,188022,94525,64951,106486,121434,125371,155588,137116,100298,110440,114683,131240,79601,64650,136454,85437,110139,124809,163130,96042,107622,153725,116802,73932,13279,118756,162248,131773,117712,138723,99714,106189,72313,115614,96983,101870,113620,140120
57,17078,31995,55607,82974,76565,34876,45045,8063,17733,27702,27169,15489,49013,65700,44777,85713,27119,65460,14458,20458,55655,47541,88874,20111,26041,36409,30852,8915,28946,38634,94918,87220,25016,61095,56527,67820,44324,55333,44666,21654,42266,25609,62802,8709,22026,39772,30918,19363,39713,87581,53976,14645,61559,43047,45952,12953,81822,0,8411,28892,32944,88006,108567,14941,23176,24929,39612,43644,74400,55514,18893,30242,49481,49712,13301,17574,56726,26958,35447,43579,82710,28335,30606,71935,35976,23936,85573,38238,81143,49951,44190,58248,28206,24662,11194,37369,15908,21785,34013,58343
58,11311,31239,57940,82081,75977,37112,38847,2896,16233,19982,33637,22213,50246,68909,43751,83514,27017,66024,12448,13878,53658,52007,89636,24911,17925,36852,26076,4969,31179,41071,94531,90200,33168,63579,59864,69588,36660,49980,45438,21315,39125,20341,62853,8757,22085,38024,31252,11093,38672,86946,57713,8621,59992,44888,51713,12338,81373,8411,0,27448,34624,85489,107096,21378,28477,28369,41274,45955,74240,56060,19670,34993,42930,50142,5119,17136,60922,18582,42231,43555,81822,21265,27116,72955,35468,16392,83829,42382,80882,51565,39581,57369,22202,25479,9279,42897,16202,20516,32318,60234
59,37631,4264,33915,109466,48530,16024,26085,30248,11394,24878,29378,43326,24653,46170,16303,110373,4561,93360,39883,19111,26763,34497,62695,19969,36945,11177,12100,22618,57585,19453,67091,66233,47790,39535,38045,44043,33832,31500,19421,48656,14475,13707,35628,20382,7643,10880,6923,26752,11225,59497,37185,20176,32775,21024,39105,16031,108815,28892,27448,0,12783,112125,79888,24680,51731,16101,17556,23075,46871,29316,10934,23271,31181,23439,29633,44431,41426,31005,36454,16605,54394,21395,7286,46392,8405,38516,110932,25792,53474,26559,19574,29922,16545,7807,36615,31324,13117,7142,5126,35228
60,45785,9727,23353,115843,44783,3249,37942,37025,19312,37056,21478,44669,16080,34837,16313,118002,9349,98334,46338,30204,28155,21713,55959,15901,47599,5951,24866,29704,61558,6990,62677,55775,45335,29021,26163,35052,46559,40974,12106,54433,22445,26056,30510,26068,12993,15643,5892,37168,12976,55687,24832,29433,32257,10269,26818,22312,114758,32944,34624,12783,0,120063,77590,22631,53487,9756,6701,11476,42140,22879,14957,13196,42919,17352,38135,50247,28890,42569,26540,12563,51233,33845,19942,38996,9267,48423,118133,13267,48903,17061,29766,27631,29162,9306,42905,19822,18430,15858,13446,25638
61,74592,116208,143277,17211,159981,122406,111000,83037,101491,92086,113239,82550,135724,153701,128072,3994,112375,34900,73856,93887,136232,135260,174813,108045,77144,122238,106304,90449,63758,126303,178518,175204,92976,148863,144532,155074,99886,123398,130850,66536,120706,100951,147729,93999,107545,121822,116664,86063,123166,170692,141954,91951,142997,130332,132223,97827,21635,88006,85489,112125,120063,0,188899,102145,75753,112877,126738,131263,158771,141318,105138,118029,111989,135397,82541,70465,144527,84819,120049,128661,165281,96057,109551,158324,120460,74368,8389,126176,165214,137050,117577,141426,100398,110969,77288,124310,101680,105649,116505,145699
62,116318,76573,62205,188315,33018,77062,78802,109957,91281,96816,96564,121945,62859,62599,63790,187688,81486,173119,119526,95872,53477,78447,32022,93469,111791,72782,82957,102406,137435,74632,18538,55394,122576,59721,67441,51312,91276,67213,65585,128408,68637,88592,47477,100235,86552,69107,77947,103479,68862,22766,71170,99080,47126,69487,87887,95886,188022,108567,107096,79888,77590,188899,0,100219,130686,87301,71860,70470,36356,55348,89757,87714,79101,60332,108446,124208,73305,104079,97216,65463,26425,92865,80405,44052,72626,114817,188851,81046,30059,63275,71344,50406,88687,84226,116356,88449,92661,87019,74862,58176
63,31773,25954,43063,96038,67397,23490,47866,22317,17595,35837,12327,22445,38124,52070,37677,99677,20939,77417,29297,27344,49494,33117,77633,6868,39027,27684,32290,18342,40507,26661,85138,73607,23357,48260,42902,55674,51053,55631,34694,35627,39136,28963,53061,14337,17160,34392,23169,30146,33111,78267,40032,22551,54393,31622,31014,14830,94525,14941,21378,24680,22631,102145,100219,0,31250,12993,28674,31552,64654,45318,14177,15973,52859,39954,26431,31838,42394,37731,20854,34928,73863,34789,29709,60632,28904,37771,99250,24259,71402,38496,43696,50103,32452,17500,26114,22489,13955,19369,29296,46256
64,27832,54461,74185,67019,98163,54660,67308,25985,40828,47990,39678,8827,69292,82418,67117,72741,49398,47191,20838,42329,78385,62644,108884,38101,40050,57929,53830,31461,12175,57910,116165,103761,17410,79237,73383,86850,64428,78176,65586,17186,65406,48359,83989,31877,44462,62550,52752,38485,62153,109121,70196,36794,84016,62845,57846,36048,64951,23176,28477,51731,53487,75753,130686,31250,0,44130,59795,62797,95625,76353,41160,46528,71399,70812,30926,17434,71839,44664,45192,65244,104510,49687,53782,91881,58192,36094,71488,54792,102389,69737,67268,80289,50570,46492,21462,50880,38613,44735,56851,77469
