0,0,1,2,3,4,5,6,7,8,9,10,11,12,13,14,15,16,17,18,19,20,21,22,23,24,25,26,27,28,29,30,31,32,33,34,35,36,37,38,39,40,41,42,43,44,45,46,47,48,49,50,51,52,53,54,55,56,57,58,59,60,61,62,63,64,65,66,67,68,69,70,71,72,73,74,75,76,77,78,79,80,81,82,83,84,85,86,87,88,89,90,91,92,93,94,95,96,97,98
0,0,91343,55233,172717,65631,38762,53285,37623,73778,155236,102554,170849,84624,76553,53563,75767,37339,101551,58940,59845,37302,98171,14970,13655,118915,64455,41326,90454,80420,47823,42350,70309,59037,83074,80814,50468,46440,73047,102207,77368,108508,68974,98873,89975,29862,172561,51608,30508,81891,69871,8039,59248,111366,21457,81024,54480,73317,55252,35159,45736,99451,53701,90538,59970,22596,53912,77700,48065,171464,95381,49554,67944,38916,25810,66462,62004,48256,86532,46243,68963,11160,66753,74798,72915,24414,65546,91173,65880,86861,32142,91288,56697,77330,82750,9413,82637,55109,102172,42459
1,91343,0,41051,83312,28792,53153,38175,61014,18020,64016,19946,79560,19483,40990,55825,34007,55737,10316,32405,48388,91284,17641,76462,92383,28885,27067,69908,4890,21149,44049,52425,28451,34511,8437,21543,40909,46245,22199,31265,44973,17203,22371,12338,7071,70957,82285,45323,62013,9897,22040,84120,47002,26068,109134,13679,37201,18026,53989,58001,45629,8117,41330,8356,31831,74499,38168,24123,60742,80358,7425,45296,45333,64136,66160,51873,29415,48155,4817,45458,42510,80649,40924,23350,24767,85476,26739,19699,36431,13733,59269,1995,37664,14313,36772,89334,24376,36234,12191,50285
2,55233,41051,0,124282,28441,17782,12756,20320,23505,102479,47977,119192,44025,51469,17444,21336,29156,51165,16429,43845,50282,53969,40576,53189,65570,16766,29105,42135,25546,20722,12941,15243,7353,34228,41542,16506,10293,32424,47024,27049,57044,21689,51751,37464,30420,123016,4293,32102,31207,19736,49417,11858,56792,75578,36115,18937,25087,45494,20095,17662,48560,28046,43741,12589,35092,9322,40092,20699,120424,47159,5735,47942,23090,29611,22182,18961,7431,36714,13070,17793,44072,43087,20166,34909,44867,15154,49864,11278,42902,26888,41752,4187,27116,53367,51023,45202,15136,53160,13438
3,172717,83312,124282,0,107118,135795,120742,144327,101263,33634,81513,20461,88453,102860,137916,112701,135589,73119,114608,118586,174319,74645,158225,175201,62693,109963,152809,83019,101202,124945,135686,110625,117822,90846,92349,122740,129315,99678,91870,121024,67573,104948,74023,87109,154256,6408,128570,142345,93208,105265,165035,128869,74666,188318,91802,118439,100710,124660,140953,127433,75734,119419,82425,114844,157548,121194,95642,143322,16047,77941,128606,111560,147367,148533,131226,111342,131456,87856,128127,122269,162564,110109,105284,100033,168770,109996,82069,118254,85856,140733,82821,120974,97552,95621,171813,91220,118430,71429,133295
4,65631,28792,28441,107118,0,30769,17512,42900,17105,91862,46107,106312,19235,23442,45818,38498,28498,38000,12078,21655,74193,32541,51347,69254,57664,13560,54924,26345,31125,18171,33784,27865,21663,20589,15641,17244,26690,7473,52967,49065,45456,11940,33647,30703,51386,107135,31343,35228,21950,16095,57916,39670,53813,81744,16066,12557,14018,26378,36526,21439,36545,12770,25586,16069,52667,20032,13039,48216,106571,30799,29074,22087,47477,42390,49025,9602,32493,24304,23929,41625,55736,16839,27176,7688,65143,16907,25818,32856,21292,33901,28021,24332,18539,24936,65383,18395,14583,37624,29808
5,38762,53153,17782,135795,30769,0,15062,14014,35287,116719,63841,132682,49770,49378,25711,39118,13976,63455,21205,36647,43987,62254,23802,39406,80219,26086,27070,52820,41902,13527,7769,32054,20342,45121,46348,13573,7856,37465,64379,43883,70172,30924,61820,51313,20841,135178,15348,14799,43473,31312,32263,26137,72640,58328,44262,18240,35233,35913,5823,9473,61196,22641,53417,21392,22045,15190,43799,24221,133510,57875,12195,43116,19188,13075,36159,24509,12676,48391,7700,34614,27757,39427,36225,38453,34374,26859,56288,29052,50691,9254,53303,18274,38924,53519,36184,49142,17418,64510,4398
6,53285,38175,12756,120742,17512,15062,0,25585,20496,101954,50165,117735,35570,39448,29197,30361,20218,48456,6275,31093,56981,47489,38349,54462,65706,11170,37413,37757,29294,9164,16408,20843,8963,30073,32432,4495,9318,23259,52576,38455,55273,15872,46797,36763,34583,120117,14525,25251,28612,16627,46293,24613,58845,71902,29376,6243,20196,32951,20308,8193,46251,15313,38401,6895,36911,3464,30291,30936,118506,42814,11768,35332,30017,27992,34900,9623,15135,33390,7386,29567,42493,30602,23676,24884,48782,12585,41951,21473,35939,21509,38269,9566,24050,42111,51218,35634,2929,49449,12876
7,37623,61014,20320,144327,42900,14014,25585,0,43115,122779,68025,139511,61118,63021,16533,38800,26947,71237,31726,50662,31402,72566,24522,33350,85857,34929,13057,61647,45596,27129,9182,35282,26510,53717,58018,25948,16269,48833,65691,39753,77292,40091,71116,57749,10105,143196,16067,25119,51119,39148,33467,21664,76799,58911,54398,30518,44062,49782,9182,22829,68697,36377,62866,30042,15603,23944,55829,12373,140722,66731,15734,57053,5186,15258,29220,35025,12940,56511,19077,31403,26864,53211,40393,50418,24559,34408,67434,29371,61119,19708,61559,23358,46815,66750,31841,61185,28453,72987,13221
8,73778,18020,23505,101263,17105,35287,20496,43115,0,81475,30657,97413,23001,38035,39538,23640,39384,28329,15270,38749,73752,30779,58832,74395,45247,9340,52601,18638,14169,27478,34426,14139,16622,10723,21815,23739,28239,14902,36028,35008,34891,5817,28246,16351,52995,100303,27695,45214,8198,4020,66765,31279,39046,92218,13893,20740,3514,43247,40011,28340,25960,27230,20312,13897,56483,20193,21914,43858,98310,23685,27380,38690,46449,48345,38316,12876,30354,13407,27627,29463,62942,33500,11225,18464,67507,8732,27808,21539,20342,41928,18450,19852,3713,36977,71427,25819,18923,29874,32289
9,155236,64016,102479,33634,91862,116719,101954,122779,81475,0,55453,18165,75827,95074,113597,87180,119665,54034,96368,108164,150764,62423,140303,155407,36934,90783,129315,65583,77417,108053,114942,87609,97026,72409,79589,104893,109412,84570,63027,93737,46813,86319,58831,65460,132884,28529,106712,126014,73344,85418,148106,104634,47191,173119,75800,101210,81988,114257,121182,109598,55903,104631,66367,95341,137319,101544,82982,119485,21102,61080,107536,102606,124972,129792,105009,93426,109904,68831,109090,96732,144417,99706,82406,86061,147257,89878,70579,94462,71463,123243,64284,99853,77906,88229,152728,79922,100173,54295,113486
10,102554,19946,47977,81513,46107,63841,50165,68025,30657,55453,0,72965,39415,60893,58143,31801,69855,18997,45713,67071,95318,34493,87627,101159,19027,39538,73900,24661,22445,57971,60813,32772,43519,26189,41430,53943,56114,40666,13706,39512,17788,36414,27706,15489,78089,78992,52072,75380,24159,33946,96052,49191,8827,121945,32991,51338,32696,72315,67584,58320,17086,57631,27908,43270,83069,48876,43840,64050,74809,24501,53385,64799,69837,76749,49994,43527,55375,22866,56599,41399,91458,60144,27872,43715,92275,37580,38886,39147,33635,71565,21744,45934,27976,56686,98944,44322,49134,23356,60108
11,170849,79560,119192,20461,106312,132682,117735,139511,97413,18165,72965,0,89030,106564,131007,104765,134585,69306,111923,120902,168089,75168,156004,171741,54099,106606,146576,80477,94525,123234,131409,104577,113410,87776,92910,120380,125596,98879,81097,111673,62525,101916,72707,81822,149603,14106,123462,141114,89218,101413,163511,121995,64951,188022,90325,116458,97573,127044,137385,125113,71489,119030,80752,111307,153725,117601,96316,136800,4438,75667,124063,114683,141942,145712,122790,108846,126582,84355,124998,114356,160207,112347,99301,99954,164058,105999,83212,111672,85294,138723,79561,116352,93759,99448,168840,92654,115764,68826,129663
12,84624,19483,44025,88453,19235,49770,35570,61118,23001,75827,39415,89030,0,21843,61199,46175,47311,24601,29392,32368,92519,13946,70508,88487,44969,27258,72414,14785,34656,37406,51936,37140,36674,15909,3913,36198,44879,12339,50356,57658,31826,22469,17206,25350,70093,88814,47710,54126,20308,25458,76811,53584,44929,99894,9326,31553,20014,38438,55442,40582,24461,31017,11812,31721,71773,37306,7295,64686,88922,16652,46207,27515,65358,61618,61247,26112,49583,17669,42588,52464,74906,24006,33703,11716,84096,29279,6585,44402,5807,53104,17676,39883,20927,17294,84608,4966,32772,22430,48367
13,76553,40990,51469,102860,23442,49378,39448,63021,38035,95074,60893,106564,21843,0,68580,61185,41002,46304,35078,16934,93203,33041,64376,83551,66497,36917,75807,36493,51954,35918,54447,50760,44997,35563,19463,37483,47720,23147,70903,72129,53327,34282,38207,46094,69987,104277,53917,47394,39173,38436,68517,62967,66742,88091,28307,33384,34522,22505,55096,40193,46296,26738,33650,39411,69385,42512,17318,70277,105845,38419,51193,9007,68013,58116,72459,32992,54505,38313,44261,65000,68670,10191,49137,19573,82332,40158,25108,56247,27607,48757,39304,47477,37775,7239,78924,16889,36656,43716,49910
14,53563,55825,17444,137916,45818,25711,29197,16533,39538,113597,58143,131007,61199,68580,0,26617,39660,65395,33751,59445,37199,70317,41021,47288,76909,34031,16049,57729,36754,35154,17947,27470,24658,50047,58871,31926,22272,49816,53187,24385,70359,38735,67370,50980,24007,136114,14674,39767,46409,36173,49911,9057,66562,74994,52913,35395,41698,60078,23586,31105,62612,43771,59771,30031,31010,26067,57513,6249,132660,62564,17684,64400,14727,31595,12899,36396,14728,51975,26090,17502,43130,59775,32759,52352,36134,31961,66828,19670,59635,34045,56861,21624,42867,70754,46819,62584,31932,67997,22239
15,75767,34007,21336,112701,38498,39118,30361,38800,23640,87180,31801,104765,46175,61185,26617,0,49717,42045,29852,58797,63789,50979,61445,72050,50766,25275,42607,37385,12858,39517,33614,10674,21402,31198,45378,34851,31526,38310,26976,11488,45722,26925,46336,27690,48440,110510,24333,53288,26702,22750,70403,17971,40034,96520,36853,35023,27073,62007,41007,37610,39166,44194,40317,25218,54388,27387,45545,32717,106588,41396,26989,60549,39537,50571,18597,30123,27617,31536,33764,9613,64662,55307,12501,41787,61976,21822,50096,10082,42500,48194,35570,21750,25248,60584,70622,49378,31248,45435,34766
16,37339,55737,29156,135589,28498,13976,20218,26947,39384,119665,69855,134585,47311,41002,39660,49717,0,65635,24156,25747,53551,60957,23732,42681,84283,30316,39722,54174,49494,11906,21716,40885,28681,47305,43485,16023,19126,35967,72794,56178,72893,33882,62068,55655,30831,135632,27987,6837,46984,35913,29499,39280,78385,53477,44286,18697,38068,23495,17765,12214,63813,16365,53862,26924,28793,22569,40360,38075,134956,58919,24439,33299,32054,17428,49600,26622,25952,50950,16108,46886,28124,30831,43893,35619,41702,32496,53846,40044,49790,8218,55382,27969,42551,46467,38242,45320,20761,65763,17604
17,101551,10316,51165,73119,38000,63455,48456,71237,28329,54034,18997,69306,24601,46304,65395,42045,65635,0,42617,56125,101292,15970,86698,102699,20439,37371,79842,11662,29432,54073,62707,37925,44758,18480,27737,51087,56561,30898,32479,52324,7515,32614,9154,14538,81210,71996,55451,72020,20170,32350,94265,56448,21602,119100,22054,47251,28272,61991,68317,55817,2879,50732,13204,42146,84812,48485,30877,70523,70055,7969,55539,52007,74253,76448,60438,39560,58345,15066,55758,51108,90905,48125,32650,32861,95731,37037,21902,45796,19117,69441,10281,47878,24626,40886,99639,29469,46457,4370,60601
18,58940,32405,16429,114608,12078,21205,6275,31726,15270,96368,45713,111923,29392,35078,33751,29852,24156,42617,0,29193,63127,41215,44082,60601,60429,6207,43241,31701,26163,12258,22546,19428,10086,24152,26358,8534,15510,17135,49471,39298,49587,10048,40616,31607,40843,114064,19271,29952,23116,11768,51737,27912,54229,77006,23113,5792,14385,32155,26559,13230,40517,14379,32212,4774,43147,8074,24397,36196,112609,36728,17141,32127,36015,33973,37662,3348,20566,27592,13600,31048,48305,27081,20898,19033,55057,8926,35726,22381,29664,26875,32369,12398,18590,37008,57247,29695,3847,43421,19149
19,59845,48388,43845,118586,21655,36647,31093,50662,38749,108164,67071,120902,32368,16934,59445,58797,25747,56125,29193,0,79185,45860,48260,67506,76511,33607,63717,44841,52659,24377,43070,48168,38956,40941,28707,27627,37265,26427,74589,68491,63593,33380,49534,51583,56201,119623,45112,31569,43136,37379,51827,55694,74280,71217,34716,25010,35658,6142,41933,28615,55328,15816,42926,33964,54541,34547,25383,59820,120523,48244,41815,8102,55834,43176,65987,28686,44734,44461,33470,60112,52451,8560,48362,23621,67439,37041,37736,51535,37182,33903,47165,40492,40092,23724,62721,28305,28952,54569,38341
20,37302,91284,50282,174319,74193,43987,56981,31402,73752,150764,95318,168089,92519,93203,37199,63789,53551,101292,63127,79185,0,103782,35742,24111,113999,66079,21551,92390,73607,57509,40584,63780,57208,84465,89411,57052,47662,80235,90015,59709,106807,71237,101975,87220,23217,172795,46057,48684,81476,69896,39891,46130,103761,55394,85650,61702,75049,76933,38187,53418,98617,66510,93852,61249,25208,55288,87175,31290,169646,97430,46692,86376,27373,36293,47449,66418,43498,86995,50267,54459,33643,83121,69119,81765,13843,65199,98820,56433,92405,45337,92029,53932,77389,97507,27910,92535,59834,103426,44385
21,98171,17641,53969,74645,32541,62254,47489,72566,30779,62423,34493,75168,13946,33041,70317,50979,60957,15970,41215,45860,103782,0,83848,101428,34398,37702,83006,13612,38251,50568,63476,43924,46747,20440,17858,48814,56606,25169,47461,62212,21560,32547,6842,24698,81986,74895,58004,67733,24591,34286,90431,61958,37537,113786,18173,44310,28882,51987,67748,53392,17423,44778,10762,42545,84289,48647,21236,74546,74997,10552,57091,40202,76416,74564,68114,37867,60325,19448,54781,58852,88224,37346,39356,25392,96267,38816,8156,51820,11564,66367,15780,50044,27522,26684,97740,17555,44888,12093,60354
22,14970,76462,40576,158225,51347,23802,38349,24522,58832,140303,87627,156004,70508,64376,41021,61445,23732,86698,44082,48260,35742,83848,0,19246,103947,49519,31614,75693,65563,33298,27841,55523,44109,68233,66766,35663,31523,58679,87600,63945,93605,54093,84265,75009,19334,157935,37136,17037,66961,54914,9037,45619,96432,35075,66436,39810,58438,44538,20496,30929,84562,39932,75895,45007,12462,38941,63763,36207,156676,80657,34857,56209,27075,10974,53739,47195,33828,71657,31274,55198,4410,54295,59919,58799,22039,50576,77087,51449,72433,17496,76450,41839,62399,70105,14556,68848,40240,87420,27580
23,13655,92383,53189,175201,69254,39406,54462,33350,74395,155407,101159,171741,88487,83551,47288,72050,42681,102699,60601,67506,24111,101428,19246,0,118596,65367,32748,92214,78717,51090,40484,68392,58388,84472,84860,52632,46160,76368,98997,71669,109231,70296,101216,89992,23642,174550,49096,36156,82589,70379,18545,54452,109967,31678,83583,57120,74580,63716,34384,48037,100353,58546,92811,60555,18111,54214,82007,41219,172702,97276,47915,75446,32807,26880,59935,63887,45784,87664,47080,64111,15152,73433,73346,76866,12748,65753,95067,62721,89891,35601,92623,55566,78083,89148,5209,87211,56792,103886,42105
24,118915,28885,65570,62693,57664,80219,65706,85857,45247,36934,19027,54099,44969,66497,76909,50766,84283,20439,60429,76511,113999,34398,103947,118596,0,54584,92501,31740,40507,72454,78112,50676,60278,37243,48173,68949,72765,50876,29586,58416,13170,50459,28378,28946,95962,60004,69792,90354,37334,49079,111998,67896,12175,137435,42095,65607,46220,82328,84490,73582,21255,70209,33630,58950,100492,65031,51314,82709,55824,28401,70688,72432,88045,93285,69021,57699,72999,33521,72672,60377,107975,68560,45474,53096,110324,53374,41609,57607,39554,87174,29693,63031,41838,60726,116039,49773,64151,22809,76832
25,64455,27067,16766,109963,13560,26086,11170,34929,9340,90783,39538,106606,27258,36917,34031,25275,30316,37371,6207,33607,66079,37702,49519,65367,54584,0,45428,26959,20158,18441,25940,14605,9418,19125,24840,14473,19357,15861,43380,35560,44118,5164,36269,25666,44555,109192,20520,35968,17442,5608,57425,26912,48092,82906,19598,11962,9256,37200,31015,19021,35117,19863,27961,4911,47589,11236,23620,37438,107424,32049,19389,35381,38715,39106,35746,4981,22648,22311,18393,28086,53654,30162,15125,18687,58993,3452,33155,19330,26381,32590,27255,12632,12880,37667,62267,28583,9645,38553,23334
26,41326,69908,29105,152809,54924,27070,37413,13057,52601,129315,73900,146576,72414,75807,16049,42607,39722,79842,43241,63717,21551,83006,31614,32748,92501,45428,0,71213,52070,40026,21390,42233,36258,63322,69560,38440,28337,60321,69235,39887,85274,50528,80844,65700,12280,151249,25003,37079,60161,48837,39552,24740,82418,62599,65009,42853,54137,62785,22047,35695,77144,49283,72845,40743,19474,35189,67626,9890,148107,76214,26208,70044,7886,25502,27747,46401,22836,65709,31584,33547,32306,66104,47574,62239,20704,44213,78520,34905,71799,32068,70722,32962,56184,79250,33302,72936,40340,82080,25900
27,90454,4890,42135,83019,26345,52820,37757,61647,18638,65583,24661,80477,14785,36493,57729,37385,54174,11662,31701,44841,92390,13612,75693,92214,31740,26959,71213,0,24638,42757,52811,30761,35224,7935,17162,40030,46316,19249,36156,48599,19151,21929,9655,11681,71430,82367,46334,60648,11364,22525,83047,49113,30279,107651,10409,35995,17703,50605,57933,44763,10496,39090,3491,31855,74530,38195,19985,62334,81011,5093,45929,41281,65077,65673,54740,28510,48966,5922,45135,45427,79957,37084,25970,21356,85907,27256,14836,38736,8985,58311,2944,38476,15029,32027,88943,19729,35545,11728,50280
28,80420,21149,25546,101202,31125,41902,29294,45596,14169,77417,22445,94525,34656,51954,36754,12858,49494,29432,26163,52659,73607,38251,65563,78717,40507,20158,52070,24638,0,37953,38425,10326,21618,19021,34471,33509,34075,28836,23357,23961,33722,19278,33481,14941,55674,99360,29627,54393,14481,15380,74161,27696,31250,100219,25420,31945,17595,56851,45319,37448,26563,39955,27686,22608,60632,27398,35254,42353,96038,28544,31019,52859,47563,54621,31014,24988,32933,18871,35001,21675,69283,47663,5699,32417,69926,17262,37924,17178,30415,50103,22731,23726,14278,50283,76553,38385,28939,32666,37983
29,47823,44049,20722,124945,18171,13527,9164,27129,27478,108053,57971,123234,37406,35918,35154,39517,11906,54073,12258,24377,57509,50568,33298,51090,72454,18441,40026,42757,37953,0,18875,29944,18114,35644,33771,4669,12904,25403,61308,47309,61243,22009,51050,43763,34333,124738,21147,17963,35128,24024,40307,32237,66483,65087,33201,6856,26236,25063,19324,4341,52153,9257,42721,15360,34788,12239,30966,35475,123736,47621,17685,30085,32178,24248,42724,14756,20425,39242,9097,38249,37662,26087,32448,25778,47497,20777,43989,30456,39135,15804,43794,18304,30670,39999,47221,36231,9018,54440,14189
30,42350,52425,12941,135686,33784,7769,16408,9182,34426,114942,60813,131409,51936,54447,17947,33614,21716,62707,22546,43070,40584,63476,27841,40484,78112,25940,21390,52811,38425,18875,0,28159,18009,44904,48839,17052,7103,39651,59857,37073,68987,31087,62201,49593,18622,134704,9295,22226,42539,30420,36788,18918,69638,62913,45302,21513,35146,42935,7409,14541,60243,28084,53902,21032,22380,14829,46676,16876,132488,57903,7439,48956,13729,16960,28622,25849,6006,47830,10196,27951,31195,44840,32945,41265,33101,25694,58261,23608,51999,16517,52864,15089,38139,57880,38131,52027,19287,64269,4729
31,70309,28451,15243,110625,27865,32054,20843,35282,14139,87609,32772,104577,37140,50760,27470,10674,40885,37925,19428,48168,63780,43924,55523,68392,50676,14605,42233,30761,10326,29944,28159,0,12242,23500,35857,25302,24198,28167,32369,21380,43060,16493,40294,23550,45369,109016,19300,45226,19414,12424,64226,18562,41574,90351,27975,24841,17309,51519,35158,28673,35148,33807,33178,14969,50312,18331,35651,32699,105982,35402,20792,49891,37379,44554,24323,19482,22610,24876,25574,15331,59156,44652,5343,31551,59664,11153,41771,7994,34211,40601,29605,13780,16639,50544,66266,39853,21248,40581,27984
32,59037,34511,7353,117822,21663,20342,8963,26510,16622,97026,43519,113410,36674,44997,24658,21402,28681,44758,10086,38956,57208,46747,44109,58388,60278,9418,36258,35224,21618,18114,18009,12242,0,27289,34229,13449,12599,25158,44499,29759,50978,14352,44776,31609,36452,116748,11256,33010,24614,12700,52599,18006,52329,78617,28807,14132,17884,41401,24222,16468,42260,23525,36652,5595,40325,6112,32869,28045,114478,40290,10784,42205,29861,33237,27582,12063,13742,30003,13422,21158,47954,37167,15923,27765,50972,7991,42518,12710,35599,28518,35053,3296,20313,46460,55762,37926,10185,46482,16621
33,83074,8437,34228,90846,20589,45121,30073,53717,10723,72409,26189,87776,15909,35563,50047,31198,47305,18480,24152,40941,84465,20440,68233,84472,37243,19125,63322,7935,19021,35644,44904,23500,27289,0,16510,32607,38469,14514,35339,42641,25601,14200,17522,10778,63518,90077,38413,53605,4543,14589,75788,41565,33407,100719,7280,28804,9892,46324,50138,37338,16514,32980,9743,23998,66714,30349,18245,54522,88462,13013,37995,38704,57145,58055,47756,21079,41031,3730,37422,38559,72455,33971,19107,17532,78004,19321,18938,31380,11395,50960,8217,30544,7189,32535,81291,20135,27997,19428,42459
34,80814,21543,41542,92349,15641,46348,32432,58018,21815,79589,41430,92910,3913,19463,58871,45378,43485,27737,26358,28707,89411,17858,66766,84860,48173,24840,69560,17162,34471,33771,48839,35857,34229,16510,0,32782,41750,9238,51696,56801,35098,20355,20834,26744,66821,92727,45073,50308,20566,23750,72981,51552,47437,95988,9283,28108,18548,34736,52067,37071,27320,27163,14618,29061,68296,34375,3409,62097,92822,19772,43372,24283,62373,58014,59642,23158,46776,18948,39299,51087,71170,20468,32883,7994,80714,27176,10361,42786,8619,49404,19902,37366,20317,16039,80925,4004,29579,25890,45126
35,50468,40909,16506,122740,17244,13573,4495,25948,23739,104893,53943,120380,36198,37483,31926,34851,16023,51087,8534,27627,57052,48814,35663,52632,68949,14473,38440,40030,33509,4669,17052,25302,13449,32607,32782,0,10239,23904,56844,42780,58101,18577,48719,40091,34150,122324,17485,21495,31648,20077,43214,28236,62543,68488,30978,4687,22905,28990,19290,4734,49025,11857,40322,10909,35587,7654,30284,32919,121017,45007,14244,32546,30752,25815,38662,11536,17327,36092,6880,33792,39930,28110,27949,24913,47932,16478,42722,25862,37265,18360,40820,13782,27116,40837,49080,35639,4827,51758,12733
36,46440,46245,10293,129315,26690,7856,9318,16269,28239,109412,56114,125596,44879,47720,22272,31526,19126,56561,15510,37265,47662,56606,31523,46160,72765,19357,28337,46316,34075,12904,7103,24198,12599,38469,41750,10239,0,32576,56531,37118,63076,24431,55580,43952,25380,128492,8927,21811,36430,24221,40088,20288,64926,66176,38442,14521,28613,37821,11789,8848,54194,21789,47229,14471,28262,8121,39572,22741,126541,51405,5339,42649,20791,20638,30731,18838,7564,41557,3817,27813,35356,38316,28411,34161,39713,19597,51236,21528,45090,16678,46550,10418,31935,50924,43315,44924,12185,57894,4074
37,73047,22199,32424,99678,7473,37465,23259,48833,14902,84570,40666,98879,12339,23147,49816,38310,35967,30898,17135,26427,80235,25169,58679,76368,50876,15861,60321,19249,28836,25403,39651,28167,25158,14514,9238,23904,32576,0,48925,49493,38399,11861,26189,25190,57754,99665,35878,42683,17001,15748,65360,42751,47886,89205,8844,19292,11388,31855,43115,28362,29640,20153,18215,19884,59491,25138,7770,52907,99111,23492,34135,24643,53149,49488,51264,13920,37540,18064,30249,43056,63054,19691,26070,3580,71767,18500,18823,34508,13829,41198,21193,28239,14799,22380,72603,12778,20441,30284,36031
38,102207,31265,47024,91870,52967,64379,52576,65691,36028,63027,13706,81097,50356,70903,53187,26976,72794,32479,49471,74589,90015,47461,87600,98997,29586,43380,69235,36156,23357,61308,59857,32369,44499,35339,51696,56844,56531,48925,0,31030,31385,41722,40817,25016,75406,88720,50609,77496,31971,38249,96418,44865,17410,122576,42603,55262,38950,79260,67114,60680,30308,62971,39612,45956,81238,50478,53584,59397,83483,37090,52746,73567,66507,76633,42873,48074,53970,32780,57907,35689,91053,68585,28902,52327,88915,40604,50925,36427,44796,72965,33237,46128,34513,67554,97447,55047,52296,36849,60226
39,77368,44973,27049,121024,49065,43883,38455,39753,35008,93737,39512,111673,57658,72129,24385,11488,56178,52324,39298,68491,59709,62212,63945,71669,58416,35560,39887,48599,23961,47309,37073,21380,29759,42641,56801,42780,37118,49493,31030,0,55187,37874,57303,38350,48266,118415,28554,58637,38126,33785,72977,18352,46812,98656,48337,43886,38391,71156,44311,44635,49460,53269,51625,34526,55035,35127,56859,30532,113825,52397,31921,70919,38973,53567,12278,40151,31308,42815,40117,9307,66585,65714,23962,52912,60402,32163,61559,17049,53970,53134,46633,29008,36730,71844,71064,60803,39945,55972,39519
40,108508,17203,57044,67573,45456,70172,55273,77292,34891,46813,17788,62525,31826,53327,70359,45722,72893,7515,49587,63593,106807,21560,93605,109231,13170,44118,85274,19151,33722,61243,68987,43060,50978,25601,35098,58101,63076,38399,31385,55187,0,39541,15273,19612,87340,66017,61336,79206,26699,38888,101315,61321,17164,126321,29555,54398,35201,69479,74864,62815,9090,58165,20669,48787,91246,55075,38291,75751,63502,15356,61700,59319,80044,83218,64314,46617,64354,22019,62497,55131,97766,55537,37717,40374,101846,43479,28495,50691,26490,76459,17538,53993,31249,47611,106317,36609,53405,9683,67141
41,68974,22371,21689,104948,11940,30924,15872,40091,5817,86319,36414,101916,22469,34282,38735,26925,33882,32614,10048,33380,71237,32547,54093,70296,50459,5164,50528,21929,19278,22009,31087,16493,14352,14200,20355,18577,24431,11861,41722,37874,39541,0,31152,21785,49693,104258,25567,39896,13125,4207,61786,31205,44720,86999,14481,15185,4344,37660,36005,23279,30477,21416,22820,10057,52606,16327,19562,42388,102648,27007,24544,33956,43869,43857,39436,7260,27784,17563,23227,31203,58291,28714,15256,15116,64113,6831,28179,22651,21272,36924,22401,17626,8670,34191,67091,24232,13865,33591,28365
42,98873,12338,51751,74023,33647,61820,46797,71116,28246,58831,27706,72707,17206,38207,67370,46336,62068,9154,40616,49534,101975,6842,84265,101216,28378,36269,80844,9655,33481,51050,62201,40294,44776,17522,20834,48719,55580,26189,40817,57303,15273,31152,0,19101,80821,73688,55931,68711,20970,32080,91310,58719,30751,115391,17849,44455,27060,55570,67079,53417,10620,46330,8405,41181,83691,47479,24200,71989,72923,4949,55428,44628,74638,74510,64069,37332,58512,15429,54181,54720,88583,41211,35376,27315,95261,36789,13231,48284,12655,66790,10807,48044,24670,32349,97790,21729,44425,5590,59490
43,89975,7071,37464,87109,30703,51313,36763,57749,16351,65460,15489,81822,25350,46094,50980,27690,55655,14538,31607,51583,87220,24698,75009,89992,28946,25666,65700,11681,14941,43763,49593,23550,31609,10778,26744,40091,43952,25190,25016,38350,19612,21785,19101,0,67820,85629,41753,61559,8872,20136,83057,41992,23176,108567,17839,36963,17733,56838,55723,44685,11693,42531,15159,30005,71935,36123,28829,56241,82974,14324,42241,49481,60435,64386,45952,29041,44808,7796,43737,36605,79057,44741,18227,28298,82308,24454,26454,31334,19867,58248,9009,34530,13118,42540,87267,30033,35274,17745,48026
44,29862,70957,30420,154256,51386,20841,34583,10105,52995,132884,78089,149603,70093,69987,24007,48440,30831,81210,40843,56201,23217,81986,19334,23642,95962,44555,12280,71430,55674,34333,18622,45369,36452,63518,66821,34150,25380,57754,75406,48266,87340,49693,80821,67820,0,153195,26172,26817,61061,49002,27388,30814,86850,51312,63820,38833,53768,54326,15019,30308,78699,43295,72513,39644,7378,33389,64421,18256,150794,76522,25672,63246,9297,14440,36864,44186,23020,66403,27522,40494,20189,59914,50495,59033,14520,44266,76518,39268,70469,22658,71445,33359,56706,74331,22815,69781,37328,82861,21729
45,172561,82285,123016,6408,107135,135178,120117,143196,100303,28529,78992,14106,88814,104277,136114,110510,135632,71996,114064,119623,172795,74895,157935,174550,60004,109192,151249,82367,99360,124738,134704,109016,116748,90077,92727,122324,128492,99665,88720,118415,66017,104258,73688,85629,153195,0,127310,142333,92165,104321,164975,127056,71744,188676,91536,118128,99969,125736,140206,127043,74499,119609,82041,114034,156754,120387,96072,141653,9675,77337,127523,112826,146051,148036,128929,110845,130276,86936,127485,120113,162239,111093,103675,100248,167716,109024,82569,116503,85844,140473,81944,119844,96592,97046,171310,91867,117904,70668,132509
46,51608,45323,4293,128570,31343,15348,14525,16067,27695,106712,52072,123462,47710,53917,14674,24333,27987,55451,19271,45112,46057,58004,37136,49096,69792,20520,25003,46334,29627,21147,9295,19300,11256,38413,45073,17485,8927,35878,50609,28554,61336,25567,55931,41753,26172,127310,0,30083,35466,23868,46075,11363,60873,72207,40043,20738,29134,46207,16674,17479,52851,29331,47868,16015,31032,11418,43440,17029,124707,51372,3596,49793,18813,26239,21827,22121,3367,40958,12477,19270,40462,45119,24342,38160,40595,19215,53675,14312,46836,24603,46001,7960,31332,56248,47072,48638,17263,57417,10968
47,30508,62013,32102,142345,35228,14799,25251,25119,45214,126014,75380,141114,54126,47394,39767,53288,6837,72020,29952,31569,48684,67733,17037,36156,90354,35968,37079,60648,54393,17963,22226,45226,33010,53605,50308,21495,21811,42683,77496,58637,79206,39896,68711,61559,26817,142333,30083,0,53020,41571,22699,40925,84016,47126,50890,24814,44163,28471,16345,17067,70116,23202,60458,32134,23526,27025,47193,37144,141547,65455,26774,39386,29883,12499,50841,32674,27475,57205,19682,49348,21398,37282,48716,42424,36182,37812,60668,43331,56512,5731,61746,31726,48523,53068,31589,52158,26323,72291,19124
48,81891,9897,31207,93208,21950,43473,28612,51119,8198,73344,24159,89218,20308,39173,46409,26702,46984,20170,23116,43136,81476,24591,66961,82589,37334,17442,60161,11364,14481,35128,42539,19414,24614,4543,20566,31648,36430,17001,31971,38126,26699,13125,20970,8872,61061,92165,35466,53020,0,12210,74807,37754,32044,100113,11296,28291,8931,48228,48206,36315,17764,33658,13829,22089,64661,28391,21927,51125,90114,16159,35399,41618,54277,56522,43523,20372,38268,5573,35801,34265,71095,36692,14770,20360,75580,16870,23477,27378,15938,49947,10561,27772,4562,36593,79622,24335,26876,21953,40483
49,69871,22040,19736,105265,16095,31312,16627,39148,4020,85418,33946,101413,25458,38436,36173,22750,35913,32350,11768,37379,69896,34286,54914,70379,49079,5608,48837,22525,15380,24024,30420,12424,12700,14589,23750,20077,24221,15748,38249,33785,38888,4207,32080,20136,49002,104321,23868,41571,12210,0,62921,28201,42485,88474,16773,17444,5539,41473,35996,24596,29974,24724,24007,9923,52462,16187,23300,40260,102324,27596,23418,38147,42560,44379,35895,9859,26442,17410,23671,27402,59001,32902,11081,19129,63509,4740,30737,19036,23464,38119,22445,15964,7729,38128,67430,27709,15250,33859,28273
50,8039,84120,49417,165035,57916,32263,46293,33467,66765,148106,96052,163511,76811,68517,49911,70403,29499,94265,51737,51827,39891,90431,9037,18545,111998,57425,39552,83047,74161,40307,36788,64226,52599,75788,72981,43214,40088,65360,96418,72977,101315,61786,91310,83057,27388,164975,46075,22699,74807,62921,0,54655,104831,26160,73466,47054,66118,47303,29404,38508,92236,45832,83011,53088,20079,47203,69835,44912,164042,87928,43684,59922,35717,19838,62685,54712,42789,79302,39481,64235,7263,58715,68488,65117,26155,58730,83342,60381,79188,24864,83986,50479,70254,74712,13368,74729,47939,94742,36241
51,59248,47002,11858,128869,39670,26137,24613,21664,31279,104634,49191,121995,53584,62967,9057,17971,39280,56448,27912,55694,46130,61958,45619,54452,67896,26912,24740,49113,27696,32237,18918,18562,18006,41565,51552,28236,20288,42751,44865,18352,61321,31205,58719,41992,30814,127056,11363,40925,37754,28201,54655,0,57679,80437,44956,30792,33732,57204,26027,28763,53649,39886,51309,23601,37186,21180,50520,14865,123623,53866,14958,59746,21714,35218,10501,30069,13472,43292,23810,9743,48358,54840,23797,45578,44050,24376,58930,10658,51576,35291,48109,15552,34436,64425,53380,55391,26961,59143,21910
52,111366,26068,56792,74666,53813,72640,58845,76799,39046,47191,8827,64951,44929,66742,66562,40034,78385,21602,54229,74280,103761,37537,96432,109967,12175,48092,82418,30279,31250,66483,69638,41574,52329,33407,47437,62543,64926,47886,17410,46812,17164,44720,30751,23176,86850,71744,60873,84016,32044,42485,104831,57679,0,130686,39687,59784,40828,79728,76410,66974,20750,65700,33122,51953,91881,57637,50158,72544,67019,28757,62211,71399,78528,85563,57846,51914,64183,29824,65362,49555,100275,66973,36699,50700,100993,46262,43259,47800,39139,80289,27561,54761,36139,61903,107769,49896,57722,25523,68926
53,21457,109134,75578,188318,81744,58328,71902,58911,92218,173119,121945,188022,99894,88091,74994,96520,53477,119100,77006,71217,55394,113786,35075,31678,137435,82906,62599,107651,100219,65087,62913,90351,78617,100719,95988,68488,66176,89205,122576,98656,126321,86999,115391,108567,51312,188676,72207,47126,100113,88474,26160,80437,130686,0,97696,71941,91281,65634,55548,63884,117233,69110,107270,78771,44052,73074,92678,69522,188315,112373,69845,79101,60369,45987,87887,79794,68904,104329,65357,90104,32079,79192,94533,88434,44218,84453,106249,86519,102943,50406,108836,76586,95596,94933,29510,97164,73296,119219,62374
54,81024,13679,36115,91802,16066,44262,29376,54398,13893,75800,32991,90325,9326,28307,52913,36853,44286,22054,23113,34716,85650,18173,66436,83583,42095,19598,65009,10409,25420,33201,45302,27975,28807,7280,9283,30978,38442,8844,42603,48337,29555,14481,17849,17839,63820,91536,40043,50890,11296,16773,73466,44956,39687,97696,0,26637,11234,40364,49673,35646,20841,28836,9577,24401,66254,30473,11001,56798,90671,14733,38977,31824,58300,56793,52209,19775,42247,10138,36711,43305,70766,27290,24391,11101,78127,21016,13975,35424,6792,48953,12480,32093,11607,25322,80054,13046,26847,21565,42219
55,54480,37201,18937,118439,12557,18240,6243,30518,20740,101210,51338,116458,31553,33384,35395,35023,18697,47251,5792,25010,61702,44310,39810,57120,65607,11962,42853,35995,31945,6856,21513,24841,14132,28804,28108,4687,14521,19292,55262,43886,54398,15185,44455,36963,38833,118128,20738,24814,28291,17444,47054,30792,59784,71941,26637,0,19387,27269,23974,9084,45308,9397,36086,9872,40219,9617,25597,36894,117002,40902,17835,29089,35241,30254,41001,7925,21122,32391,11452,35241,44130,24381,26634,20227,52610,14690,38093,26838,32788,22350,36970,15482,23854,36403,53462,30953,3966,47701,17336
56,73317,18026,25087,100710,14018,35233,20196,44062,3514,81988,32696,97573,20014,34522,41698,27073,38068,28272,14385,35658,75049,28882,58438,74580,46220,9256,54137,17703,17595,26236,35146,17309,17884,9892,18548,22905,28613,11388,38950,38391,35201,4344,27060,17733,53768,99969,29134,44163,8931,5539,66118,33732,40828,91281,11234,19387,0,40345,40254,27614,26134,24934,18817,14154,56839,20492,18476,45702,98313,22794,28403,35310,47680,48187,41242,11489,31551,13219,27533,32557,62634,30145,14713,14951,68226,9933,25200,24390,17938,41259,18073,21180,4720,33514,71410,22543,18208,29312,32585
57,55252,53989,45494,124660,26378,35913,32951,49782,43247,114257,72315,127044,38438,22505,60078,62007,23495,61991,32155,6142,76933,51987,44538,63716,82328,37200,62785,50605,56851,25063,42935,51519,41401,46324,34736,28990,37821,31855,79260,71156,69479,37660,55570,56838,54326,125736,46207,28471,48228,41473,47303,57204,79728,65634,40364,27269,40345,0,40752,28976,61101,17893,48812,36833,51919,36399,31383,59811,126664,54151,42744,13497,54965,40652,67650,32219,45385,49916,34011,62460,48571,14702,52241,29274,64651,40555,43870,54108,43145,31688,52844,42514,44915,29516,58789,34434,31218,60548,38249
58,35159,58001,20095,140953,36526,5823,20308,9182,40011,121182,67584,137385,55442,55096,23586,41007,17765,68317,26559,41933,38187,67748,20496,34384,84490,31015,22047,57933,45319,19324,7409,35158,24222,50138,52067,19290,11789,43115,67114,44311,74864,36005,67079,55723,15019,140206,16674,16345,48206,35996,29404,26027,76410,55548,49673,23974,40254,40752,0,15296,65970,28363,58692,26178,16611,19832,49563,20820,138320,63012,14397,48640,14299,9566,35275,29898,13415,53290,12967,35268,24000,45090,39739,44202,28655,31386,61935,30977,56186,10729,58263,21649,43699,59323,31552,54913,22860,69565,7723
59,45736,45629,17662,127433,21439,9473,8193,22829,28340,109598,58320,125113,40582,40193,31105,37610,12214,55817,13230,28615,53418,53392,30929,48037,73582,19021,35695,44763,37448,4341,14541,28673,16468,37338,37071,4734,8848,28362,60680,44635,62815,23279,53417,44685,30308,127043,17479,17067,36315,24596,38508,28763,66974,63884,35646,9084,27614,28976,15296,0,53743,13590,45026,15067,31228,10355,34430,31205,125752,49735,13920,34425,27855,21176,39263,16271,16412,40813,5053,35431,35202,30410,31803,29125,43761,20746,47138,28109,41863,13645,45552,15922,31771,44112,44410,39755,9439,56490,9849
60,99451,8117,48560,75734,36545,61196,46251,68697,25960,55903,17086,71489,24461,46296,62612,39166,63813,2879,40517,55328,98617,17423,84562,100353,21255,35117,77144,10496,26563,52153,60243,35148,42260,16514,27320,49025,54194,29640,30308,49460,9090,30477,10620,11693,78699,74499,52851,70116,17764,29974,92236,53649,20750,117233,20841,45308,26134,61101,65970,53743,0,49201,12714,39834,82418,46151,30315,67783,72350,8011,53027,51581,71637,74222,57565,37532,55784,12934,53508,48238,88738,47504,29856,31849,93218,34622,22519,42993,18772,67385,8528,45345,22283,41206,97365,29406,44343,6822,58248
61,53701,41330,28046,119419,12770,22641,15313,36377,27230,104631,57631,119030,31017,26738,43771,44194,16365,50732,14379,15816,66510,44778,39932,58546,70209,19863,49283,39090,39955,9257,28084,33807,23525,32980,27163,11857,21789,20153,62971,53269,58165,21416,46330,42531,43295,119609,29331,23202,33658,24724,45832,39886,65700,69110,28836,9397,24934,17893,28363,13590,49201,0,38343,18981,43145,18776,24003,44518,119233,43568,26096,20891,41435,32129,50212,14966,29120,36710,18080,44635,44341,16833,34983,19386,56020,23069,37522,36225,33833,22977,40673,24799,29655,31174,54321,28962,13360,50391,23427
62,90538,8356,43741,82425,25586,53417,38401,62866,20312,66367,27908,80752,11812,33650,59771,40317,53862,13204,32212,42926,93852,10762,75895,92811,33630,27961,72845,3491,27686,42721,53902,33178,36652,9743,14618,40322,47229,18215,39612,51625,20669,22820,8405,15159,72513,82041,47868,60458,13829,24007,83011,51309,33122,107270,9577,36086,18817,48812,58692,45026,12714,38343,0,32870,75303,39141,17688,64170,81096,5361,47221,38897,66488,66108,57352,28926,50357,8815,45783,48093,80206,34930,28597,19816,86929,28663,11348,41095,6062,58432,6375,39938,16905,28881,89388,16777,36020,12072,51119
63,59970,31831,12589,114844,16069,21392,6895,30042,13897,95341,43270,111307,31721,39411,30031,25218,26924,42146,4774,33964,61249,42545,45007,60555,58950,4911,40743,31855,22608,15360,21032,14969,5595,23998,29061,10909,14471,19884,45956,34526,48787,10057,41181,30005,39644,114034,16015,32134,22089,9923,53088,23601,51953,78771,24401,9872,14154,36833,26178,15067,39834,18981,32870,0,42725,6354,27513,33035,112178,36947,14593,36813,33904,34456,33108,6472,17913,27111,13749,26296,49081,31722,17088,22320,54082,5690,37777,17611,31161,28367,32089,8407,17551,40897,57534,32659,6391,43422,18475
64,22596,74499,35092,157548,52667,22045,36911,15603,56483,137319,83069,153725,71773,69385,31010,54388,28793,84812,43147,54541,25208,84289,12462,18111,100492,47589,19474,74530,60632,34788,22380,50312,40325,66714,68296,35587,28262,59491,81238,55035,91246,52606,83691,71935,7378,156754,31032,23526,64661,52462,20079,37186,91881,44052,66254,40219,56839,51919,16611,31228,82418,43145,75303,42725,0,36371,65645,25472,154742,79613,29806,62024,16324,11366,43908,46478,27702,69819,29546,46927,12844,59201,55241,60352,12952,47796,78307,44846,72725,20701,74812,37468,60186,74298,16238,70955,39412,86142,24255
65,53912,38168,9322,121194,20032,15190,3464,23944,20193,101544,48876,117601,37306,42512,26067,27387,22569,48485,8074,34547,55288,48647,38941,54214,65031,11236,35189,38195,27398,12239,14829,18331,6112,30349,34375,7654,8121,25138,50478,35127,55075,16327,47479,36123,33389,120387,11418,27025,28391,16187,47203,21180,57637,73074,30473,9617,20492,36399,19832,10355,46151,18776,39141,6354,36371,0,32470,28183,118500,43285,9070,38664,28053,28263,31441,11218,12495,33460,7724,26171,42944,33867,21707,27107,47788,11670,43542,18219,37177,22753,38443,6149,23871,44876,51245,37759,5892,49775,12122
