0,0,1,2,3,4,5,6,7,8,9,10,11,12,13,14,15,16,17,18,19,20,21,22,23,24,25,26,27,28,29,30,31,32,33,34,35,36,37,38,39,40,41,42,43,44,45,46,47,48,49,50,51,52,53,54,55,56,57,58,59,60,61,62,63,64,65,66,67,68,69,70,71,72,73,74,75,76,77,78,79,80,81,82,83,84,85,86,87,88,89,90,91,92,93,94,95,96,97,98
0,0,38552,84865,11916,49172,76435,20846,33153,41324,57003,70579,28266,33063,30065,42387,70843,84368,26738,14878,61375,13863,26764,62566,10401,89491,10819,92638,45540,46761,29984,61936,12453,38879,42107,49385,34716,46847,45031,92458,37653,20610,30097,70761,33840,74763,8252,21083,31198,84723,52268,103479,34866,45855,79265,7510,20526,11167,50292,24861,55381,11772,23661,33571,56060,54094,65501,71401,27745,86063,36075,53767,38485,12009,41813,85540,18181,19363,77010,34744,7840,38851,55157,64624,17538,62351,17694,23570,43593,15926,11414,41071,23488,42724,30778,27322,16786,84295,6519,34030
1,38552,0,119678,39197,11625,41207,18101,25212,26485,26090,32872,43104,50472,26093,9890,102710,121093,57238,27029,22855,31746,12400,26655,48792,52371,34383,54222,8424,10641,9166,25521,46062,66182,35807,26389,9314,8501,53333,57674,6575,20919,34267,32250,19469,36767,31317,51306,7625,118776,13717,71997,17353,8138,45776,40565,23080,33380,21811,14550,21718,50171,45618,39042,30059,16378,27206,35775,13166,123152,5470,35434,58735,48426,18639,121675,24429,37281,39387,3833,31047,9874,23208,30334,46631,25411,22252,17765,31958,28606,38704,5841,18056,9068,10135,11258,50120,49921,41501,42300
2,84865,119678,0,80591,127686,160205,102070,117675,106828,141547,146735,105845,74180,97945,125920,21102,13615,62532,99741,140722,87941,109901,136908,77445,172048,94465,169646,127791,124476,110524,144929,74270,55824,124920,116197,118469,128118,81765,176540,116142,98759,112372,150794,105557,156225,89718,68377,113506,4438,132488,188315,119677,125078,163654,80161,105390,86494,134956,105201,139321,73910,98679,114113,122280,136055,143592,154932,106643,17211,118900,113825,67019,73025,113213,9028,95249,82974,152367,115976,92443,122691,127119,136586,73047,138125,97667,101948,104463,91073,92375,123723,107982,120086,114309,109539,69915,168469,86005,84877
3,11916,39197,80591,0,48135,79660,21491,41101,34091,61543,68700,39812,21218,22616,45447,64471,81970,18684,22760,61041,7581,29511,59704,17980,91538,21622,91444,47214,45192,30031,64338,7498,29634,51438,43132,38163,47685,33186,96047,36322,18389,40221,70948,28504,75926,10377,12537,32925,79859,52383,108650,40688,45201,83357,5129,27603,5921,55216,24659,58897,16025,35551,44244,49954,55543,64508,74359,26404,84126,38338,45798,27158,11276,36877,82481,14917,8166,74880,35446,15285,42366,51071,60840,7891,60134,17076,21666,35140,10843,23169,43134,28678,40835,33977,28973,11001,88030,18251,22599
4,49172,11625,127686,48135,0,36904,28336,35687,26280,27577,21497,54505,55837,30624,16653,109802,129966,65210,38517,13035,40554,23886,15141,59539,45407,45832,43568,11053,3432,19194,21656,55380,72896,45170,21991,20144,7675,55904,52861,11828,29868,45308,23118,22911,29058,41480,59573,19122,126484,6123,69021,27510,3495,42674,50257,34704,42608,26037,24375,21983,60537,57222,49890,23102,12436,16444,31529,21892,132210,16518,31199,64074,58195,17519,130253,33256,44713,27991,14969,41961,18905,14053,19224,55031,13788,31967,26572,31445,37292,50185,13512,29676,7655,21714,22388,59131,45824,52631,46353
5,76435,41207,160205,79660,36904,0,58170,47750,63176,20443,32733,67678,91475,66525,34306,143777,160698,98100,62136,26798,72468,50331,39159,85713,15125,68847,34524,32810,40274,50119,15770,85989,107377,48602,57857,41863,33299,92720,16470,46161,61845,57310,20470,59096,13768,70605,92057,46744,159519,30839,32251,42449,38065,6907,80170,56570,73742,27191,55258,21053,88140,73484,59425,56676,25352,28506,5468,54343,162478,41321,66469,99759,87663,54424,161645,65317,78448,34699,44659,68600,37660,46788,43946,87354,35822,62606,58830,68271,69466,72369,36582,52965,43949,45972,50687,90297,8925,77329,82665
6,20846,18101,102070,21491,28336,58170,0,24638,25773,40398,49734,34023,36443,17613,24011,85779,103105,39996,13239,40711,14412,8393,41886,31232,70186,19428,71854,25817,25929,9184,42875,28063,49965,36500,31598,16967,26578,43122,74567,16841,5197,28794,50311,16679,54819,13248,33912,11436,101349,31706,87509,21215,25052,61961,22478,13233,15577,34351,4060,37468,32240,33819,33853,37731,34253,44706,52869,7287,105113,16849,38172,44323,30324,23081,103790,7861,21341,56171,14272,13940,21092,35113,44267,29210,41543,4469,4922,29937,11668,23743,21656,10535,21966,12826,7485,32238,66570,24779,30931
7,33153,25212,117675,41101,35687,47750,24638,0,47706,27307,54552,20719,59908,41866,19982,103984,116224,59140,18582,42771,36254,18285,50643,40432,62357,23226,72535,25795,35633,24733,36312,45074,70688,11963,50426,15899,28960,67694,62496,30257,29808,10371,49329,38722,50538,30726,53097,20483,117712,34606,71344,8203,32542,48960,39242,13515,35904,20642,25396,28128,43770,25835,14349,54930,32326,47902,43571,27831,117577,19743,58820,67268,45162,41851,117788,31835,44190,60798,23817,26276,16916,48405,54911,48765,48674,27919,28957,52690,34636,25820,22232,14119,34175,16418,20865,49578,54366,31790,55461
8,41324,26485,106828,34091,26280,63176,25773,47706,0,51859,40706,59795,32738,11519,36368,87553,111020,46359,38873,37791,27959,29509,30593,50804,70737,44187,63289,33448,22951,23007,47863,41356,51008,59518,9560,33774,31341,29983,79007,19910,22349,53957,47512,9203,54351,33330,41966,27581,105064,32381,95295,41449,25595,68921,38337,38725,30761,48229,23145,46798,49829,59286,59073,16214,38387,39043,57809,20120,113708,30645,12628,40473,45362,8783,110589,23540,27229,45857,25438,37206,35957,20528,29772,38312,32403,25686,20888,5483,25429,48175,32279,34905,19771,31597,26888,43658,72092,47140,22188
9,57003,26090,141547,61543,27577,20443,40398,27307,51859,0,36362,47394,75849,52104,16833,126014,141362,80213,42367,25119,54786,32094,37543,65874,35162,48796,48684,18411,30120,33695,12111,67335,90354,29262,49348,23442,20761,79418,35646,32354,44764,36972,26817,45534,25317,51885,74077,29446,141114,22226,47126,22359,26808,22286,61409,36714,55656,6837,38198,5731,68558,53068,39386,50602,15924,29724,16460,38168,142997,24120,58637,84016,68587,43331,142526,48057,61559,41304,28651,49243,19314,41094,42765,69399,34399,44853,42123,57319,52046,52158,20383,33596,32256,27616,33065,71765,27458,57369,68236
10,70579,32872,146735,68700,21497,32733,49734,54552,40706,36362,0,74569,73178,48798,34580,127971,149886,84781,59900,11996,61174,45262,10153,80966,33499,67246,22937,28881,23838,40650,24706,76100,91145,61964,32328,40326,26026,70083,44705,32959,50808,64750,12270,41265,19365,62757,79477,40483,145215,20129,63031,46476,24933,39640,71247,55807,63429,38812,45723,31257,81815,77960,68878,28353,22791,6859,29132,43010,152300,37137,38824,81098,79169,33542,149882,54053,64301,6514,36408,63446,37883,20271,12903,75112,8638,53169,47551,44447,57916,71576,32986,50831,28027,42665,43871,79603,40186,74128,62819
11,28266,43104,105845,39812,54505,67678,34023,20719,59795,47394,74569,0,60994,50823,40140,95074,102420,54159,21159,63021,38642,32302,69646,30101,82554,18378,93203,45697,53722,39068,56999,40260,66497,20887,65000,34442,48590,71972,81539,46488,37947,10466,69987,50669,71235,31346,48976,36423,106564,54447,88091,28281,51110,68067,35775,21426,36849,41002,36928,48757,34435,7239,9007,70584,52827,68082,63837,40258,103264,37987,72129,66742,38332,56247,104621,38087,46094,80938,40551,25764,36701,65773,73437,45763,68061,34821,38923,63846,38777,16889,41638,26073,51261,33024,34719,44149,73581,23147,60147
12,33063,50472,74180,21218,55837,91475,36443,59908,32738,75849,73178,60994,0,25215,59021,54834,79034,17637,42656,68606,23756,44710,63162,36687,101232,42700,95935,58882,52439,42162,75705,23247,18397,71086,42027,52908,58178,13861,107880,45343,31489,60662,78673,32932,84894,30314,16961,46481,72338,61371,122443,57622,53844,96245,25729,46604,24687,70299,37816,72057,33140,56725,64979,48124,66172,70763,86010,37703,81926,51732,40136,8285,27204,39751,78287,28609,15754,78536,47368,35816,56755,53197,62506,17090,64684,32384,33805,30333,25317,44385,55723,46185,48228,48967,43146,21788,100287,39186,10710
13,30065,26093,97945,22616,30624,66525,17613,41866,11519,52104,48798,50823,25215,0,35423,79460,101287,36197,29666,43446,16492,23918,39076,39342,76017,34032,71725,34334,27233,19054,50770,29953,42531,53820,20562,30598,33270,27421,82859,20398,12955,46369,53536,7747,59682,22296,31293,23873,96486,36181,97915,37098,28670,71561,26818,30783,19299,47241,16536,47800,38310,49444,51398,27379,41173,45830,61057,14787,103818,28473,23720,33466,33893,15371,101147,13006,16172,54541,23529,26688,33851,29602,39340,27326,40181,16002,12940,13641,14145,37755,31720,27971,23014,27309,21605,32489,75393,36084,16232
14,42387,9890,125920,45447,16653,34306,24011,19982,36368,16833,34580,40140,59021,35423,0,109788,126453,64006,28687,22888,38410,16025,31040,52039,47118,35847,53423,5902,17615,16862,19566,51684,73787,28578,35681,7674,9251,62820,50623,16458,28094,30180,30299,29203,32933,36303,57915,12742,125288,14654,63672,11907,14107,37953,45865,23486,39526,11955,21486,13457,54151,44096,34326,38569,12891,27980,29119,21334,128290,7325,44887,67201,53400,28368,127351,31465,44895,40866,11895,34552,3735,30436,35611,53213,28849,28477,25348,41844,35535,39813,4113,19194,17942,11685,16544,56005,42584,43957,51475
15,70843,102710,21102,64471,109802,143777,85779,103984,87553,126014,127971,95074,54834,79460,109788,0,31131,45806,85510,122779,71381,93954,117986,65218,154821,81231,150764,111023,106491,93678,128209,59105,36934,112528,96732,102614,110989,61231,160231,98579,81932,100108,132884,87186,138708,74345,51937,97118,18165,114942,173119,104857,107432,147741,65049,90989,70361,119665,88522,123243,61134,88229,102606,102578,119018,125290,138397,89547,34900,102570,93737,47191,58851,94462,28136,78462,65460,133370,99149,77899,106805,108032,117295,56619,119436,81311,84976,84777,74323,79922,107207,92894,102149,98428,93246,54590,152300,73287,65390
16,84368,121093,13615,81970,129966,160698,103105,116224,111020,141362,149886,102420,79034,101287,126453,31131,0,65121,99044,142944,89522,110486,140337,75829,173269,93097,172809,128910,126902,111945,145831,75045,60777,122359,120544,118844,129594,88303,176810,118209,100360,109906,152900,108653,157858,90200,70460,114445,18002,134353,187482,119125,127127,163633,80691,104720,87722,134624,106545,139658,72835,95180,111062,126920,137357,146204,155570,108370,3826,119707,119160,72692,73053,116658,4837,96879,85589,155783,117302,92165,123038,130846,140511,74943,141248,98846,103632,109260,92757,90467,124646,107841,122507,114768,110449,70992,168655,84471,89685
17,26738,57238,62532,18684,65210,98100,39996,59140,46359,80213,84781,54159,17637,36197,64006,45806,65121,0,40563,78243,25632,48148,75218,25154,109575,37557,107713,65449,62045,48117,82634,14292,12344,68753,55918,56808,65637,31122,114530,53615,36335,56835,88296,43533,93695,28766,6154,51375,61539,69955,127329,59285,62554,101952,19922,45798,24557,73901,42865,77464,20787,48391,60212,62510,73611,81268,92754,44144,67621,56820,55858,16994,15881,51559,65135,32834,20540,90662,53588,32868,60999,65793,75506,10814,76143,35533,39476,45357,28663,37472,61519,47279,57647,52622,47475,10043,106558,31016,26722
18,14878,27029,99741,22760,38517,62136,13239,18582,38873,42367,59900,21159,42656,29666,28687,85510,99044,40563,0,49572,19011,14640,53126,23577,75652,7373,80952,32691,36795,20216,48177,26504,52203,28700,44801,21110,34609,52135,77955,28263,16799,18095,58319,29875,61573,12513,34539,19418,99594,40401,88626,20081,35031,64653,20659,5678,18027,35594,16698,41147,26210,20587,22706,50821,41110,54149,57253,20134,100637,23300,51361,49529,26824,36205,100321,17045,26978,66414,23550,7695,24998,47432,56108,30273,52257,13665,18012,42746,18335,11676,28139,9532,33417,17672,16282,31014,69772,15286,40000
19,61375,22855,140722,61041,13035,26798,40711,42771,37791,25119,11996,63021,68606,43446,22888,122779,142944,78243,49572,0,53464,35105,13097,71642,32963,56944,31402,17423,16289,31537,14459,68214,85857,49967,31403,29180,14993,67766,41664,24736,42695,53045,10105,35700,16561,53954,72588,30396,139511,9182,58911,34788,15844,33334,62961,45073,55433,26947,36887,19708,72930,66750,57053,29877,10794,5170,21956,34676,145157,26342,39753,76799,70885,29371,143267,46131,57749,18042,26637,53902,26349,20004,18285,68030,9732,44590,39400,42509,50212,61185,21791,40221,20654,31977,34113,72043,35424,64312,58861
20,13863,31746,87941,7581,40554,72468,14412,36254,27959,54786,61174,38642,23756,16492,38410,71381,89522,25632,19011,53464,0,22702,52274,22851,84116,20393,83887,39864,37619,22585,57033,14927,35647,47331,36571,31344,40212,33390,88897,28741,10856,37100,63382,21456,68423,7332,19604,25746,87103,44832,101908,34712,37625,76363,10592,22866,2808,48643,17266,51863,22030,35646,41606,43366,48118,56931,67128,18849,91697,31194,40186,31020,18239,29790,89984,7359,8006,67384,28035,12877,35495,43841,53576,14908,52627,9944,14112,29836,3266,23236,35889,22870,33269,27175,21866,18580,80932,20205,21510
21,26764,12400,109901,29511,23886,50331,8393,18285,29509,32094,45262,32302,44710,23918,16025,93954,110486,48148,14640,35105,22702,0,38622,36786,62873,21985,66507,18777,22294,6896,35360,35658,58321,30213,33126,8660,20261,50650,66639,14259,13227,24875,44163,20453,47998,20295,42025,4778,109298,25923,79221,13296,20396,53852,29848,11177,23601,25968,7426,29427,38520,33894,29964,38382,27330,39578,45121,9547,112369,9316,41014,52659,37442,24366,111342,16226,29732,51776,8935,19036,12855,33626,41843,37335,37646,12796,11369,34418,20053,26316,14313,6245,19229,4477,2632,39985,58577,29219,38613
22,62566,26655,136908,59704,15141,39159,41886,50643,30593,37543,10153,69646,63162,39076,31040,117986,140337,75218,53126,13097,52274,38622,0,72962,42528,60336,32781,25147,16336,33142,27526,67171,81223,59544,22193,35270,21802,59937,52857,25111,42290,60403,19559,31713,27052,54525,70066,33937,135317,16756,70759,42440,18554,45904,62584,49639,54666,38202,37826,31899,73469,72263,64921,18625,21921,10749,34672,34821,142822,31659,29058,71030,70446,23720,140223,45364,54846,15468,29709,55805,33743,10118,5241,65802,3390,44919,39123,34295,49050,64721,28413,44601,19936,36787,36847,70485,47406,66622,52742
23,10401,48792,77445,17980,59539,85713,31232,40432,50804,65874,80966,30101,36687,39342,52039,65218,75829,25154,23577,71642,22851,36786,72962,0,99130,17268,102955,55532,57157,40344,71600,13439,37366,47608,59235,44377,56998,49949,101499,48052,30894,35081,80922,43810,84706,18512,21105,41342,77713,62506,111654,43523,56202,88151,12955,29177,20045,59069,35257,64713,4441,23695,37388,65979,64072,75832,80811,38143,77276,46039,63010,40225,9740,51930,77357,28254,26141,87403,45006,17768,48411,65454,74969,19607,72752,28063,33920,52551,25473,14942,51019,32880,53125,40597,37536,15803,93312,8645,40308
24,89491,52371,172048,91538,45407,15125,70186,62357,70737,35162,33499,82554,101232,76017,47118,154821,173269,109575,75652,32963,84116,62873,42528,99130,0,82612,24882,44368,48822,61531,27556,98247,118033,63712,63863,54793,43937,100720,12865,56254,73288,72135,23370,68317,16415,83099,103672,58824,171110,39934,31153,56501,47472,17809,92580,70228,85681,41715,66880,34702,101261,88179,74425,61132,35999,32220,18788,65430,175214,53593,71508,109478,100288,62327,173972,76799,89389,32523,56093,81663,50720,51882,46301,99001,39648,74503,70106,75353,80975,86329,48632,66250,53004,58721,62820,102405,13618,90934,91710
25,10819,34383,94465,21622,45832,68847,19428,23226,44187,48796,67246,18378,42700,34032,35847,81231,93097,37557,7373,56944,20393,21985,60336,17268,82612,0,88320,40015,44025,27270,55231,23273,49688,31401,50868,28351,41976,53622,84443,35346,21847,19282,65649,35527,68775,13061,31878,26763,94558,47774,94386,26448,42353,71034,18058,12397,18487,41967,23252,47978,20555,15491,22823,57122,48393,61520,64083,26649,94536,30656,56803,48743,22477,42472,94589,21025,27720,73760,30863,7605,32129,54320,63181,28159,59545,18503,23785,47549,20898,4391,35465,16824,40526,25021,23507,27583,76254,8637,41892
26,92638,54222,169646,91444,43568,34524,71854,72535,63289,48684,22937,93203,95935,71725,53423,150764,172809,107713,80952,31402,83887,66507,32781,102955,24882,88320,0,48474,46302,62675,37027,98793,113999,77539,54459,60303,46343,92068,37649,55344,73357,82903,23217,64203,23483,85040,102379,61792,168089,40584,55394,65020,46802,40134,93790,76338,86060,53551,67929,45337,104087,97507,86376,49517,40538,27148,34468,65434,175204,57675,59709,103761,101726,56433,172819,76680,87220,17446,57969,85249,57086,42763,33904,97985,31573,75535,70071,66638,80622,92535,52974,71552,50622,63315,65468,102390,37521,95709,85473
27,45540,8424,127791,47214,11053,32810,25817,25795,33448,18411,28881,45697,58882,34334,5902,111023,128910,65449,32691,17423,39864,18777,25147,55532,44368,40015,48474,0,12574,17348,17190,53879,74567,34424,31467,11830,3422,61375,49280,14111,29120,35896,25633,27379,29225,38796,59465,14487,126964,8814,63625,17642,9029,37363,48233,27884,41335,15440,22598,13554,57288,49326,40145,33675,8554,22408,27393,21533,130885,9494,40768,67149,55990,24964,129606,32616,45642,35241,11875,37805,9002,25055,29767,54773,22951,30152,26047,38912,36786,44153,4552,23191,13954,15038,18478,58045,41500,47772,50565
28,46761,10641,124476,45192,3432,40274,25929,35633,22951,30120,23838,53722,52439,27233,17615,106491,126902,62045,36795,16289,37619,22294,16336,57157,48822,44025,46302,12574,0,16946,24916,52503,69573,45701,19229,19789,9510,52493,56276,9121,27059,44889,26394,19507,32457,38919,56466,17639,123235,9439,72346,27578,3554,45969,47500,33357,39760,27969,21900,24654,57979,56036,49623,21104,15522,19324,34881,19186,129184,15987,28519,60669,55434,14172,127133,30381,41521,30249,13406,39739,19276,12924,19723,51958,15636,29338,23779,28178,34353,48406,13971,28322,4399,20705,20522,56170,49198,50501,42923
29,29984,9166,110524,30031,19194,50119,9184,24733,23007,33695,40650,39068,42162,19054,16862,93678,111945,48117,20216,31537,22585,6896,33142,40344,61531,27270,62675,17348,16946,0,34538,36934,57294,36511,26230,11559,17655,46420,66585,8076,11782,31765,41197,14226,45913,22418,42160,4858,109647,22576,80393,18603,15876,54392,31506,17728,24224,28385,5407,29993,41424,40270,36848,31535,25532,35529,44723,4478,114024,9615,34209,50355,39403,17475,112510,15286,28349,47115,5474,22807,14870,27254,35917,37478,32580,13139,8711,28115,19462,31661,13670,13013,13261,8661,4355,40963,58731,33554,34792
30,61936,25521,144929,64338,21656,15770,42875,36312,47863,12111,24706,56999,75705,50770,19566,128209,145831,82634,48177,14459,57033,35360,27526,71600,27556,55231,37027,17190,24916,34538,0,70880,91700,40511,43316,27240,17528,77142,32197,30394,46310,46557,14712,43385,14238,55631,76637,31450,144137,15533,47477,29574,22452,21066,65150,42834,58440,16541,39772,8357,73705,61974,49665,43101,9625,18380,10304,38684,147729,26127,52288,83989,72801,39080,146623,49803,62802,29307,29064,54107,23194,33181,32736,71941,24182,47262,43233,53087,53971,59063,21223,38731,28361,31170,35437,75107,24623,63463,66933
31,12453,46062,74270,7498,55380,85989,28063,45074,41356,67335,76100,40260,23247,29953,51684,59105,75045,14292,26504,68214,14927,35658,67171,13439,98247,23273,98793,53879,52503,36934,70880,0,26444,54478,50509,44201,54563,36581,102285,43552,25523,42547,78049,35997,82829,15455,8721,39440,73779,59442,114286,45794,52371,89389,5956,31904,12781,60821,31527,65059,10140,34921,45988,57329,62311,71793,80762,33538,77091,44762,52795,27190,4372,44370,75744,22129,14489,82310,42262,18835,48423,58569,68337,6183,67554,23809,28820,42068,18184,23418,49661,33892,48170,40047,35447,4517,94202,17206,27521
32,38879,66182,55824,29634,72896,107377,49965,70688,51008,90354,91145,66497,18397,42531,73787,36934,60777,12344,52203,85857,35647,58321,81223,37366,118033,49688,113999,74567,69573,57294,91700,26444,0,80675,60377,66932,74336,28317,123847,61781,45702,68931,95962,50253,101853,40000,17821,61045,54099,78112,137435,70186,70585,111650,31783,57217,35184,84283,52321,87174,32954,60726,72432,66519,82379,88362,101954,53033,63758,66484,58416,12175,28223,57607,59916,42326,28946,96655,62732,44551,71040,71355,80774,21931,82580,45526,48592,48729,38308,49773,70940,58206,65241,62783,57305,22352,116025,43350,29107
33,42107,35807,124920,51438,45170,48602,36500,11963,59518,29262,61964,20887,71086,53820,28578,112528,122359,68753,28700,49967,47331,30213,59544,47608,63712,31401,77539,34424,45701,36511,40511,54478,80675,0,61750,26671,37818,79416,61397,41430,41635,12548,54805,50607,54437,41208,62885,32062,125300,42894,67213,18543,42355,48106,48903,24509,46653,24006,37359,32223,51474,27853,11888,65855,39173,55124,45458,39760,123398,30425,70364,78176,53876,53328,124305,43477,55333,67846,35022,36198,26425,58624,64185,58804,57178,39567,40899,64568,46008,32694,31772,25965,44876,27993,32767,58882,53640,39272,67167
34,49385,26389,116197,43132,21991,57857,31598,50426,9560,49348,32328,65000,42027,20562,35681,96732,120544,55918,44801,31403,36571,33126,22193,59235,63863,50868,54459,31467,19229,26230,43316,50509,60377,61750,0,35124,28659,37761,73067,20333,29309,57994,40494,15592,47697,41194,51474,29978,114356,27951,90104,43223,22590,64043,47117,43579,39325,46886,28190,43868,58595,65386,63069,6822,34403,31682,52685,24791,123249,31485,9307,49555,54400,8773,120070,31231,36605,37023,26728,44415,36261,12151,20630,47735,24498,32610,27083,12182,33770,55069,31628,39144,17744,34018,30547,53006,66654,54833,31364
35,34716,9314,118469,38163,20144,41863,16967,15899,33774,23442,40326,34442,52908,30598,7674,102614,118844,56808,21110,29180,31344,8660,35270,44377,54793,28351,60303,11830,19789,11559,27240,44201,66932,26671,35124,0,14313,57907,58093,14791,21503,25178,37390,25494,40463,28771,50682,6725,117909,20235,70566,8131,16842,45222,38340,16096,32257,17440,15098,20865,46478,37644,29845,39221,20055,34061,36734,15855,120657,3844,43896,60963,45801,26857,119786,24697,38224,46775,8474,26880,4222,32507,39284,45994,33618,21414,19133,39096,28630,32414,7391,11583,18323,4186,9771,48566,50001,36346,46138
36,46847,8501,128118,47685,7675,33299,26578,28960,31341,20761,26026,48590,58178,33270,9251,110989,129594,65637,34609,14993,40212,20261,21802,56998,43937,41976,46343,3422,9510,17655,17528,54563,74336,37818,28659,14313,0,59925,49706,12875,29367,38945,23924,25992,28266,39762,59740,15658,127175,5924,64721,20767,6069,38322,49053,30084,41877,18500,23049,15485,58526,51958,43295,30521,8043,19769,27832,21495,131653,11349,37965,66463,56900,22680,130165,32876,45529,32463,12311,39229,12054,21717,26367,55076,19714,30753,26170,36753,37050,46201,6962,25230,11585,16986,19536,58618,42138,49471,49466
37,45031,53333,81765,33186,55904,92720,43122,67694,29983,79418,70083,71972,13861,27421,62820,61231,88303,31122,52135,67766,33390,50650,59937,49949,100720,53622,92068,61375,52493,46420,77142,36581,28317,79416,37761,57907,59925,0,108766,47268,37926,70167,77486,34000,84327,40634,30815,51189,79327,61899,124590,63946,54692,98165,38134,55117,35136,74661,43254,74923,46648,68455,74839,42649,67531,68945,87291,42052,91474,55893,32996,16180,40718,38490,86955,35946,25940,74684,50935,46232,61260,49839,58165,30558,62077,39851,39282,25656,33818,55954,59053,53581,48788,54417,48574,35542,101644,51435,12251
38,92458,57674,176540,96047,52861,16470,74567,62496,79007,35646,44705,81539,107880,82859,50623,160231,176810,114530,77955,41664,88897,66639,52857,101499,12865,84443,37649,49280,56276,66585,32197,102285,123847,61397,73067,58093,49706,108766,0,62541,78302,71432,33300,75362,25804,86865,108472,63157,175904,46904,18538,58002,54276,13539,96433,72323,90126,42477,71708,37228,104096,87787,72884,71153,41710,42158,21904,70813,178518,57720,81294,116165,103842,70323,177847,81768,94918,44634,61128,84646,53874,61491,57125,103769,49714,79014,75296,83958,85912,87769,53025,68972,60114,62238,67081,106624,8188,93012,98945
39,37653,6575,116142,36322,11828,46161,16841,30257,19910,32354,32959,46488,45343,20398,16458,98579,118209,53615,28263,24736,28741,14259,25111,48052,56254,35346,55344,14111,9121,8076,30394,43552,61781,41430,20333,14791,12875,47268,62541,0,18041,38473,34717,13269,40152,29799,47890,10157,115038,16376,77540,22894,8942,51168,38449,25422,30779,28350,12797,27665,48860,48111,43445,24706,20830,28258,40693,10091,120424,11202,29164,53628,46386,12196,118556,21430,33218,39364,6442,30715,16248,19369,27848,43309,24703,20225,14746,25385,25484,39737,12379,20497,5189,14001,12085,47322,55011,41518,36609
40,20610,20919,98759,18389,29868,61845,5197,29808,22349,44764,50808,37947,31489,12955,28094,81932,100360,36335,16799,42695,10856,13227,42290,30894,73288,21847,73357,29120,27059,11782,46310,25523,45702,41635,29309,21503,29367,37926,78302,18041,0,33504,52568,13773,57567,12385,30386,15353,97866,33993,91764,26318,26850,65957,20445,17933,12743,38942,6619,41472,31180,36976,38500,35803,37297,46298,56468,8022,102507,20783,34958,39479,28376,21324,100840,3510,16804,57121,17253,15107,25483,34562,44092,25712,42363,3346,3297,25970,7686,25902,25288,15690,22784,17493,11738,29380,70401,25614,25733
41,30097,34267,112372,40221,45308,57310,28794,10371,53957,36972,64750,10466,60662,46369,30180,100108,109906,56835,18095,53045,37100,24875,60403,35081,72135,19282,82903,35896,44889,31765,46557,42547,68931,12548,57994,25178,38945,70167,71432,38473,33504,0,59700,44760,60795,30363,51110,28326,112756,44705,78802,18275,42020,57919,37190,15586,35977,30540,30832,38299,38999,16365,5117,63078,42673,58156,53399,33868,111000,28916,65809,67308,41644,49241,111802,34575,45045,71046,32203,24978,26913,57373,64462,47241,58603,30834,33642,58516,36348,20200,32070,19066,42898,24531,27476,46864,63411,26821,57983
42,70761,32250,150794,70948,23118,20470,50311,49329,47512,26817,12270,69987,78673,53536,30299,132884,152900,88296,58319,10105,63382,44163,19559,80922,23370,65649,23217,25633,26394,41197,14712,78049,95962,54805,40494,37390,23924,77486,33300,34717,52568,59700,0,45788,7497,63552,82605,39582,149603,18622,51312,41811,25781,27375,72699,53485,65278,30831,46591,22658,82415,74331,63246,37981,17414,8927,16982,44546,155074,35046,48266,86850,80600,39268,153273,56031,67820,15195,36081,63153,33996,28551,23917,78026,16465,54322,49283,52027,60142,69781,30183,48825,30753,40651,43439,81946,28146,73333,68851
43,33840,19469,105557,28504,22911,59096,16679,38722,9203,45534,41265,50669,32932,7747,29203,87186,108653,43533,29875,35700,21456,20453,31713,43810,68317,35527,64203,27379,19507,14226,43385,35997,50253,50607,15592,25494,25992,34000,75362,13269,13773,44760,45788,0,51964,25624,38359,18993,104152,28557,90713,32827,21092,64308,32046,29530,24121,41155,13941,40931,43427,50395,49875,22220,33762,38117,53635,10967,111115,22754,21493,41163,39621,8373,108616,15662,23135,47135,17555,28873,28183,22624,32410,34148,32630,17104,11869,13967,18463,39648,25277,25718,15340,22888,17857,39005,67994,39241,23583
44,74763,36767,156225,75926,29058,13768,54819,50538,54351,25317,19365,71235,84894,59682,32933,138708,157858,93695,61573,16561,68423,47998,27052,84706,16415,68775,23483,29225,32457,45913,14238,82829,101853,54437,47697,40463,28266,84327,25804,40152,57567,60795,7497,51964,0,67944,87875,43663,155176,23776,43844,43636,31275,20609,77297,56419,70138,30636,51313,22551,86514,76139,63873,45414,20672,16371,11601,49610,159917,38693,55648,93126,85118,45913,158404,61069,73366,20930,40570,67012,36661,35878,31391,83236,23926,59020,54330,59027,65231,72740,33700,52047,36686,44114,47630,86876,20822,76799,75308
45,8252,31317,89718,10377,41480,70605,13248,30726,33330,51885,62757,31346,30314,22296,36303,74345,90200,28766,12513,53954,7332,20295,54525,18512,83099,13061,85040,38796,38919,22418,55631,15455,40000,41208,41194,28771,39762,40634,86865,29799,12385,30363,63552,25624,67944,0,22630,24309,89230,44952,98874,30537,38250,73937,9568,17226,5638,45398,17111,49636,19063,28349,34677,47842,47309,57894,65414,19767,92115,29512,45868,37028,17194,33562,91048,9964,14861,69146,27483,5606,32991,46947,56459,18136,54432,9613,15423,35928,8290,16008,34467,18551,34785,24635,20323,19883,78768,13817,28833
46,21083,51306,68377,12537,59573,92057,33912,53097,41966,74077,79477,48976,16961,31293,57915,51937,70460,6154,34539,72588,19604,42025,70066,21105,103672,31878,102379,59465,56466,42160,76637,8721,17821,62885,51474,50682,59740,30815,108472,47890,30386,51110,82605,38359,87875,22630,0,45315,67499,64178,121187,53137,56831,95850,13982,39712,18425,67751,36867,71371,17035,43543,54653,58180,67684,75751,86726,38272,72824,50752,52213,19166,11382,46545,70679,26877,15224,85459,47622,26853,54879,60845,70609,4703,70845,29458,33571,41532,22700,32139,55485,41129,52068,46496,41397,5311,100483,25887,24094
47,31198,7625,113506,32925,19122,46744,11436,20483,27581,29446,40483,36423,46481,23873,12742,97118,114445,51375,19418,30396,25746,4778,33937,41342,58824,26763,61792,14487,17639,4858,31450,39440,61045,32062,29978,6725,15658,51189,63157,10157,15353,28326,39582,18993,43663,24309,45315,0,112777,21221,76410,13876,15629,50653,33757,15717,27014,23842,8757,26152,42902,38413,33319,34776,23007,34821,41434,9138,116404,5453,38349,54605,41502,21368,115184,18727,32157,46998,4233,23574,10283,29350,37286,40612,32895,15862,12689,32788,22816,31094,10226,10685,14842,4075,3996,43657,55187,33917,39461
48,84723,118776,4438,79859,126484,159519,101349,117712,105064,141114,145215,106564,72338,96486,125288,18165,18002,61539,99594,139511,87103,109298,135317,77713,171110,94558,168089,126964,123235,109647,144137,73779,54099,125300,114356,117909,127175,79327,175904,115038,97866,112756,149603,104152,155176,89230,67499,112777,0,131409,188022,119415,123957,163130,79710,105212,85779,134585,104367,138723,74026,99448,114683,120331,135151,142251,154208,105680,21635,118197,111673,64951,72788,111672,13464,94360,81822,150754,115114,92191,122128,125452,134837,72195,136630,96916,101016,102510,90185,92654,122970,107622,118857,113734,108832,69358,167870,86195,82994
49,52268,13717,132488,52383,6123,30839,31706,34606,32381,22226,20129,54447,61371,36181,14654,114942,134353,69955,40401,9182,44832,25923,16756,62506,39934,47774,40584,8814,9439,22576,15533,59442,78112,42894,27951,20235,5924,61899,46904,16376,33993,44705,18622,28557,23776,44952,64178,21221,131409,0,62913,26456,7539,36554,54077,35971,46679,21716,27969,16517,63869,57880,48956,28473,6512,13850,25441,25983,136495,17224,37073,69638,61979,23608,134793,37474,49593,26548,17527,44753,17795,18868,21669,59562,14285,35700,30721,37566,41608,52027,12867,31083,13234,22844,24970,63372,39764,55133,52114
50,103479,71997,188315,108650,69021,32251,87509,71344,95295,47126,63031,88091,122443,97915,63672,173119,187482,127329,88626,58911,101908,79221,70759,111654,31153,94386,55394,63625,72346,80393,47477,114286,137435,67213,90104,70566,64721,124590,18538,77540,91764,78802,51312,90713,43844,98874,121187,76410,188022,62913,0,68637,69922,26425,108338,82957,102773,53477,85159,50406,114737,94933,79101,88734,57066,60010,37516,84805,188899,70994,98656,130686,115291,86519,188904,95110,108567,63165,75093,95872,66416,78911,75229,116516,67521,91969,88998,100451,99136,97164,66748,80405,75832,74743,80130,118750,23487,103016,114143
51,34866,17353,119677,40688,27510,42449,21215,8203,41449,22359,46476,28281,57622,37098,11907,104857,119125,59285,20081,34788,34712,13296,42440,43523,56501,26448,65020,17642,27578,18603,29574,45794,70186,18543,43223,8131,20767,63946,58002,22894,26318,18275,41811,32827,43636,30537,53137,13876,119415,26456,68637,0,24412,44628,39837,14405,35005,15546,20710,21807,46290,32579,22528,47345,24555,39887,37814,22409,120706,11917,51919,65406,46655,34870,120387,29014,42266,52773,16507,27235,8715,40429,46733,48566,40478,25266,24663,46664,32484,29922,14034,12010,26408,9946,15493,50293,49814,35010,51891
52,45855,8138,125078,45201,3495,38065,25052,32542,25595,26808,24933,51110,53844,28670,14107,107432,127127,62554,35031,15844,37625,20396,18554,56202,47472,42353,46802,9029,3554,15876,22452,52371,70585,42355,22590,16842,6069,54692,54276,8942,26850,42020,25781,21092,31275,38250,56831,15629,123957,7539,69922,24412,0,43499,47150,31212,39589,24446,21141,21446,57287,53750,46664,24657,12861,19654,32619,18833,129323,13143,31896,62115,55081,16847,127493,30287,42135,31437,11489,38577,15950,16344,22441,52245,17283,28802,23555,30945,34377,46701,10583,26182,5910,18248,18937,56202,46981,49210,44673
53,79265,45776,163654,83357,42674,6907,61961,48960,68921,22286,39640,68067,96245,71561,37953,147741,163633,101952,64653,33334,76363,53852,45904,88151,17809,71034,40134,37363,45969,54392,21066,89389,111650,48106,64043,45222,38322,98165,13539,51168,65957,57919,27375,64308,20609,73937,95850,50653,163130,36554,26425,44628,43499,0,83494,58999,77440,29081,59337,24503,90842,74266,59471,63166,30641,35311,11407,58743,165281,45201,72804,104510,90781,60139,164760,69372,82710,41524,49009,71486,41005,53240,50753,91152,42548,66429,63071,74119,73469,74301,40724,55817,49409,49401,54496,93778,5535,79627,87777
54,7510,40565,80161,5129,50257,80170,22478,39242,38337,61409,71247,35775,25729,26818,45865,65049,80691,19922,20659,62961,10592,29848,62584,12955,92580,18058,93790,48233,47500,31506,65150,5956,31783,48903,47117,38340,49053,38134,96433,38449,20445,37190,72699,32046,77297,9568,13982,33757,79710,54077,108338,39837,47150,83494,0,25992,7966,54878,26108,59205,11495,31061,40881,53923,56712,66701,74970,28365,82653,39023,50321,30976,7937,40368,81495,17228,13268,77541,36742,12966,42559,54354,64059,10102,62776,18379,23721,39758,13650,18920,43955,27938,43229,34202,29761,10459,88336,13459,27720
55,20526,23080,105390,27603,34704,56570,13233,13515,38725,36714,55807,21426,46604,30783,23486,90989,104720,45798,5678,45073,22866,11177,49639,29177,70228,12397,76338,27884,33357,17728,42834,31904,57217,24509,43579,16096,30084,55117,72323,25422,17933,15586,53485,29530,56419,17226,39712,15717,105212,35971,82957,14405,31212,58999,25992,0,22399,29930,15627,35632,31885,22722,20625,49183,36144,49811,51743,18886,106304,18747,50871,53830,32425,34822,105999,19227,30852,62311,19951,13092,19758,44792,52985,35315,48491,15388,18120,43098,21511,16334,23365,5037,30405,13149,13417,36422,64138,20761,42873
56,11167,33380,86494,5921,42608,73742,15577,35904,30761,55656,63429,36849,24687,19299,39526,70361,87722,24557,18027,55433,2808,23601,54666,20045,85681,18487,86060,41335,39760,24224,58440,12781,35184,46653,39325,32257,41877,35136,90126,30779,12743,35977,65278,24121,70138,5638,18425,27014,85779,46679,102773,35005,39589,77440,7966,22399,0,49366,18829,52976,19311,33495,40315,46111,49697,59030,68446,20757,89822,32421,42994,31523,15779,32421,88303,9382,9257,69687,29606,11211,36456,46388,56095,13743,54922,11183,16040,32631,5686,21011,37229,23023,35447,28071,23055,16740,82109,17586,23515
57,50292,21811,134956,55216,26037,27191,34351,20642,48229,6837,38812,41002,70299,47241,11955,119665,134624,73901,35594,26947,48643,25968,38202,59069,41715,41967,53551,15440,27969,28385,16541,60821,84283,24006,46886,17440,18500,74661,42477,28350,38942,30540,30831,41155,30636,45398,67751,23842,134585,21716,53477,15546,24446,29081,54878,29930,49366,0,32489,8218,61800,46467,33299,49021,16414,31967,22930,32850,136232,18796,56178,78385,61952,40044,135831,42127,55655,44354,23743,42567,13559,40053,43273,63097,35350,38763,36495,53711,46018,45320,15974,26975,29246,21526,27206,65277,34289,50549,63169
58,24861,14550,105201,24659,24375,55258,4060,25396,23145,38198,45723,36928,37816,16536,21486,88522,106545,42865,16698,36887,17266,7426,37826,35257,66880,23252,67929,22598,21900,5407,39772,31527,52321,37359,28190,15098,23049,43254,71708,12797,6619,30832,46591,13941,51313,17111,36867,8757,104367,27969,85159,20710,21141,59337,26108,15627,18829,32489,0,34853,36162,37240,35944,34125,30884,40783,49895,3436,108618,14168,35247,45899,34015,19528,107128,10059,23409,52149,10787,17996,18966,31134,40229,32174,37500,7733,4049,27714,14209,27606,18685,11841,17908,11266,5384,35570,63793,28832,31271
59,55381,21718,139321,58897,21983,21053,37468,28128,46798,5731,31257,48757,72057,47800,13457,123243,139658,77464,41147,19708,51863,29427,31899,64713,34702,47978,45337,13554,24654,29993,8357,65059,87174,32223,43868,20865,15485,74923,37228,27665,41472,38299,22658,40931,22551,49636,71371,26152,138723,16517,50406,21807,21446,24503,59205,35632,52976,8218,34853,0,67092,53897,41323,44939,10193,24499,16111,34399,141426,20701,53134,80289,66641,38164,140640,44876,58248,36521,24692,47546,16647,35385,37107,66670,28800,41933,38629,52226,48967,51638,16342,31917,27067,25012,29996,69408,29150,56387,64016
60,11772,50171,73910,16025,60537,88140,32240,43770,49829,68558,81815,34435,33140,38310,54151,61134,72835,20787,26210,72930,22030,38520,73469,4441,101261,20555,104087,57288,57979,41424,73705,10140,32954,51474,58595,46478,58526,46648,104096,48860,31180,38999,82415,43427,86514,19063,17035,42902,74026,63869,114737,46290,57287,90842,11495,31885,19311,61800,36162,67092,0,28114,41525,65394,65842,76939,83136,38809,74438,47835,61752,36201,5939,51701,74166,28224,23988,88192,46347,19599,50601,65542,75183,16097,73462,28647,34356,51136,24966,18799,52831,35175,53821,42550,38990,11730,95922,12208,37603
61,23661,45618,98679,35551,57222,73484,33819,25835,59286,53068,77960,7239,56725,49444,44096,88229,95180,48391,20587,66750,35646,33894,72263,23695,88179,15491,97507,49326,56036,40270,61974,34921,60726,27853,65386,37644,51958,68455,87787,48111,36976,16365,74331,50395,76139,28349,43543,38413,99448,57880,94933,32579,53750,74266,31061,22722,33495,46467,37240,53897,28114,0,16083,71354,56969,71691,69397,40669,96026,40876,71844,61903,32513,56766,97392,36448,42540,84418,42642,23065,40476,67471,75698,40734,70970,33675,38528,62877,36364,12506,45019,27733,53124,35508,36044,38508,79749,17760,57010
62,33571,39042,114113,44244,49890,59425,33853,14349,59073,39386,68878,9007,64979,51398,34326,102606,111062,60212,22706,57053,41606,29964,64921,37388,74425,22823,86376,40145,49623,36848,49665,45988,72432,11888,63069,29845,43295,74839,72884,43445,38500,5117,63246,49875,63873,34677,54653,33319,114683,48956,79101,22528,46664,59471,40881,20625,40315,33299,35944,41323,41525,16083,0,68093,46505,62199,55837,38985,111989,33636,70919,71399,44702,54323,113154,39448,49481,75093,37127,29167,31242,62214,69094,50982,63005,35759,38719,63620,41038,22912,36514,24183,47781,29463,32572,50180,65000,29563,62702
63,56060,30059,122280,49954,23102,56676,37731,54930,16214,50602,28353,70584,48124,27379,38569,102578,126920,62510,50821,29877,43366,38382,18625,65979,61132,57122,49517,33675,21104,31535,43101,57329,66519,65855,6822,39221,30521,42649,71153,24706,35803,63078,37981,22220,45414,47842,58180,34776,120331,28473,88734,47345,24657,63166,53923,49183,46111,49021,34125,44939,65394,71354,68093,0,34964,29056,51762,30690,129675,35434,10472,55400,61222,14651,126347,37881,43385,32259,31125,50873,39732,9946,15743,54500,21523,39063,33403,17822,40532,61380,34700,44548,21004,38700,35890,59798,65257,61399,37415
64,54094,16378,136055,55543,12436,25352,34253,32326,38387,15924,22791,52827,66172,41173,12891,119018,137357,73611,41110,10794,48118,27330,21921,64072,35999,48393,40538,8554,15522,25532,9625,62311,82379,39173,34403,20055,8043,67531,41710,20830,37297,42673,17414,33762,20672,47309,67684,23007,135151,6512,57066,24555,12861,30641,56712,36144,49697,16414,30884,10193,65842,56969,46505,34964,0,15950,19885,29491,139362,18035,43561,74457,64497,29608,137999,40807,53559,28738,20096,46355,16582,25282,27078,63008,18968,38529,34135,43674,44984,52469,13054,31583,18771,23520,26986,66431,34235,56258,57318
65,65501,27206,143592,64508,16444,28506,44706,47902,39043,29724,6859,68082,70763,45830,27980,125290,146204,81268,54149,5170,56931,39578,10749,75832,32220,61520,27148,22408,19324,35529,18380,71793,88362,55124,31682,34061,19769,68945,42158,28258,46298,58156,8927,38117,16371,57894,75751,34821,142251,13850,60010,39887,19654,35311,66701,49811,59030,31967,40783,24499,76939,71691,62199,29056,15950,0,24228,38335,148502,31065,39343,78861,74638,31075,146390,49664,60728,12895,30899,58158,31384,19661,15443,71266,7556,48406,43004,43377,53666,65802,26675,44900,23706,36671,38407,75491,36665,68697,60716
