0,0,1,2,3,4,5,6,7,8,9,10,11,12,13,14,15,16,17,18,19,20,21,22,23,24,25,26,27,28,29,30,31,32,33,34,35,36,37,38,39,40,41,42,43,44,45,46,47,48,49,50,51,52,53,54,55,56,57,58,59,60,61,62,63,64,65,66,67,68,69,70,71,72,73,74,75,76,77,78,79,80,81,82,83,84,85,86,87,88,89,90,91,92,93,94,95,96,97,98
0,0,55096,62234,40454,106609,64637,24997,76316,41981,45746,59567,21413,79499,55150,65740,31478,17432,34559,98252,87625,69006,19423,56986,34314,31303,46520,67063,107080,12941,8178,62654,46565,68073,77576,38576,47587,74906,84435,41107,15304,63947,58452,60771,32170,48140,19206,109168,51383,101241,18370,63075,26075,67307,53555,108867,28389,37419,52939,56172,64104,91535,73185,93329,90042,60001,50954,17131,24442,76753,38550,28088,63214,54778,9639,15998,80324,74882,36847,126614,61618,45092,57828,46893,20847,81932,42939,26341,27089,42510,69426,39255,58264,113822,50538,58652,35045,72266,47822,105019
1,55096,0,117330,27109,51514,12723,30325,31273,13415,26082,38546,48426,27224,7407,120112,50286,49139,34806,43397,33663,13910,38690,9278,26659,23867,101279,25272,55552,64771,47116,7870,17019,35751,24212,16520,7535,27109,34149,19700,45045,10509,18722,8741,29700,30406,36486,54583,9514,47123,38636,10707,37171,120918,42347,53866,43729,18452,5971,33706,9138,36647,22724,38575,40579,32367,18165,57395,31488,22979,32234,29968,118228,3647,48151,39619,28310,19794,37520,73311,11598,22056,22799,10629,34532,26941,12174,41072,28006,14108,15246,24431,11003,59079,6382,7581,20061,36433,44678,50487
2,62234,117330,0,99714,168840,126582,87132,136454,104163,104909,114683,74938,141114,117097,14106,81097,72338,91986,160398,149603,131240,80051,118857,94953,93510,18165,127184,168089,54099,70254,124859,107622,125300,139511,100811,109817,135780,145542,102327,74170,126055,119030,122823,92191,105889,81123,171196,113208,163130,79621,125057,84723,20461,106564,171077,82715,99478,115038,112756,126332,153725,134585,155452,150754,117511,111672,64951,86317,138723,96316,89223,4438,116937,69830,77919,141942,137116,92654,188022,123462,105212,117699,108870,82961,144137,105173,82994,89323,104545,131561,99489,119943,175904,112658,120655,97275,130193,99448,167039
3,40454,27109,99714,0,73202,39830,19735,57956,17624,40759,21333,25304,42688,22182,99993,52282,43823,8598,63645,59291,38263,21043,34850,32146,18106,85838,50784,82019,52916,32685,31606,10473,27815,50669,19361,21873,54101,61189,31037,25939,37526,19644,35778,8383,45690,22682,73424,18296,64963,31824,29178,15028,99774,19521,76723,18532,14687,29714,16844,35062,60617,35882,58665,67640,53193,37826,50570,18434,41684,5161,13441,99788,24370,31106,25408,55147,43807,10517,88687,38382,6053,45193,16673,26400,48866,20839,41423,20822,25382,41646,3608,23028,78319,20733,25548,18458,60948,18949,69309
4,106609,51514,168840,73202,0,43715,81754,44433,64722,69858,70707,97856,31589,52388,171310,97447,99500,81800,10129,22815,37605,89577,51328,76048,75339,152728,50546,27910,116039,98603,44028,63302,59875,31841,68035,59023,41188,33338,68400,95839,43480,54321,46863,78818,71758,87850,10031,56456,13736,89853,44541,86657,171813,78924,5606,91698,69540,54294,68534,42587,16238,38242,14788,33655,64774,61034,107769,82737,31525,77996,80497,169692,52032,99412,91023,32110,31756,83145,29510,47072,67148,58320,60384,86002,24827,63683,90177,79520,64767,37986,72011,50378,10980,56365,48761,71565,56789,84656,9937
5,64637,12723,126582,39830,43715,0,40800,19065,24927,26698,49873,60350,27475,18950,130276,53970,55945,47430,37304,23020,10453,49873,7758,32438,34371,109904,15116,43498,72999,57008,11521,29699,45126,12940,26935,19053,14532,21563,24787,56210,3014,29120,4200,42015,29490,47000,48770,22005,42557,46986,16776,49233,131456,54505,45013,56121,30011,11908,45296,7436,27702,25952,33090,27945,26538,17637,64183,42357,21878,44949,41644,127782,15774,58682,49965,16131,13751,50221,68904,3367,34726,17395,23268,43791,21538,22713,46465,38015,22132,6123,37099,20993,52745,19098,16992,30509,26517,57236,44947
6,24997,30325,87132,19735,81754,40800,0,54985,17035,28578,41046,21715,54626,30180,89815,32878,24235,18751,73278,63500,44198,9699,33474,16899,6486,71484,46153,84097,35868,16885,37737,22538,46862,53603,13960,22790,52635,61632,20387,15727,39721,34550,36736,12262,32788,6212,84170,26489,76256,12139,38087,13246,90757,38027,84192,21179,12432,28896,36561,39428,66947,48448,68345,67640,43150,30185,31431,2456,51762,20708,6865,87938,29807,17919,9295,56853,50106,22592,101752,38056,22419,37903,21925,6687,57009,18322,22132,3314,19064,45083,17106,33430,88830,25546,33661,10356,53811,35007,80022
7,76316,31273,136454,57956,44433,19065,54985,0,41503,31573,68926,76068,41580,37959,141729,57962,64143,64971,42121,22004,26807,64613,23164,42030,49054,118958,9293,32074,82372,69523,30294,48224,63694,16823,42240,36233,5261,11370,35389,70705,21968,48121,22585,58890,31338,60885,52486,40769,48961,57952,35375,65451,143591,73492,43310,72902,46254,28350,64362,26037,29337,42367,39650,14663,21519,25395,71839,56977,35967,62958,57451,138166,34617,72093,63463,13342,26135,68080,73305,19689,53257,18756,41296,56191,31277,38662,53575,51808,36129,20902,54930,40028,55166,37443,36041,45469,12456,75938,49552
8,41981,13415,104163,17624,64722,24927,17035,41503,0,24038,35326,35422,38193,13663,106728,41881,37924,23599,56271,46978,27201,25291,18481,18427,10689,88380,33685,68401,52253,33910,20701,11256,36866,37312,4255,5977,38218,46396,14542,31651,23371,21108,20732,17400,29017,23136,67234,10614,59431,26517,21337,24334,107504,36257,67227,31475,5106,13348,30215,22553,50051,32411,51354,52679,35638,20211,45976,18085,34935,22151,16742,104970,12802,34763,26301,41029,33120,26946,85198,22678,14973,27590,5917,21860,39974,3216,31542,15018,8057,28507,14158,17459,71858,8639,16926,7135,43457,36556,63094
9,45746,26082,104909,40759,69858,26698,28578,31573,24038,0,59339,50145,52181,32254,110505,27640,32578,44527,63970,47772,35874,37934,20089,12144,24683,87385,22354,63476,50862,39803,32626,35175,59816,38063,21418,23259,31431,41297,9723,43175,27934,42952,24737,37375,4980,33299,75425,31684,69226,27562,36669,41444,112630,60030,70493,49469,26075,20234,54224,30937,53631,48553,59787,46041,14772,9091,40290,30990,47119,44469,33635,106685,28923,43136,35143,38938,40314,48354,95598,23392,38977,12868,28413,27236,48169,21097,22009,25311,16034,32807,37151,36461,79296,27666,33576,22683,26559,59492,71634
10,59567,38546,114683,21333,70707,49873,41046,68926,35326,59339,0,40477,39386,31273,112826,73567,64979,25035,60579,63246,43806,40829,47781,52491,39089,102606,63783,86376,72432,52439,38789,24183,11888,57053,38478,36958,64173,68784,49855,44303,46958,20891,46675,29167,64310,43435,68004,29423,59471,53080,34073,33571,111560,9007,75323,32514,34393,43445,5117,43040,62024,33299,56077,75093,69732,54323,71399,39615,41323,21296,34548,114113,34924,49931,45833,62169,47736,22912,79101,49793,20625,60635,31298,47684,49665,38250,62702,42114,43307,49042,24353,28903,72884,33497,32885,38661,74978,16083,64255
11,21413,48426,74938,25304,97856,60350,21715,76068,35422,50145,40477,0,67884,45648,74710,47202,34043,17129,88535,82046,61467,12220,53643,38169,27075,62155,67486,103814,34080,17218,54687,34579,50497,72610,33896,41337,73286,81776,42082,8379,58722,44946,56155,19081,54122,17048,98579,41549,90170,26357,53348,11305,74483,33337,101048,7963,30344,48650,38006,57388,84374,61112,83535,88003,64813,51757,37231,19428,66494,21444,18749,74780,46732,12841,16129,76446,67306,17807,113968,58016,31183,59527,38150,23739,73178,37799,38288,25029,39949,63673,25902,47493,103450,42456,49254,30599,75502,26992,94445
12,79499,27224,141114,42688,31589,27475,54626,41580,38193,52181,39386,67884,0,24556,142333,77496,75849,51216,21559,26817,17036,61064,32256,53865,48678,126014,41619,48684,90354,71323,19713,33596,29262,25119,42213,33583,36355,36061,46881,67041,25151,23202,27846,49243,55848,60298,30741,28138,22286,64699,16989,57003,142345,47394,35985,61182,42234,32354,36972,21394,23526,6837,16816,41304,54010,43331,84016,55060,5731,47193,51890,141547,25886,71300,63512,29883,15481,52158,47126,30083,36714,44782,32745,60009,12111,38309,68236,53081,41226,22181,42072,21236,35646,29618,21310,45323,52308,53068,26639
13,55150,7407,117097,22182,52388,18950,30180,37959,13663,32254,31273,45648,24556,0,119012,54466,51518,30498,43428,37116,16109,37286,16677,30596,24132,101660,32515,59870,65808,46995,9424,11710,28437,28597,17771,9813,33472,39520,24582,43494,16220,11349,15461,26567,36852,36012,54099,4098,46092,40180,7963,34373,119430,35554,55414,40041,17750,12998,26521,13071,38786,18782,38445,45987,39659,25032,59613,30792,21628,27325,28149,117719,3772,47316,39227,33252,21781,32687,71632,18544,16479,30148,8257,35453,27595,14174,44565,28531,18029,19650,20185,4278,58822,5308,3627,20779,43766,38477,49942
14,65740,120112,14106,99993,171310,130276,89815,141729,106728,110505,112826,74710,142333,119012,0,88720,78363,91795,162427,153195,133924,81741,122675,99742,96298,28529,132438,172795,60004,73271,127333,108757,123999,143196,103754,112583,140562,150150,106781,75521,129436,119609,126337,93091,112055,83630,172862,114995,164574,83928,126946,85340,6408,104277,173954,82055,101812,118479,111502,129233,156754,135632,157434,155679,123891,116503,71744,88645,140473,96072,90862,9675,119298,71964,80524,146051,139845,91867,188676,127310,105786,123050,110932,86524,146484,108127,89056,92362,108151,134856,100277,121464,177674,114954,122628,100155,136511,97046,168708
15,31478,50286,81097,52282,97447,53970,32878,57962,41881,27640,73567,47202,77496,54466,88720,0,14106,51353,91242,75406,62300,37244,46761,23873,34661,63027,49158,90015,29586,30562,57857,52034,77920,65691,37684,44667,58629,68423,30620,38828,54802,62971,51449,45140,26664,32673,102712,52269,96150,21865,60830,44259,91870,70903,98133,50891,40348,45303,68848,57131,81238,72794,86885,72625,37301,36427,17410,34753,72965,53584,39714,83483,52070,35187,31891,66507,67257,55047,122576,50609,53700,39991,47747,26637,75119,40427,10866,31460,36538,59989,49230,58666,106715,49181,56914,36004,49825,67554,98834
16,17432,49139,72338,43823,99500,55945,24235,64143,37924,32578,64979,34043,75849,51518,78363,14106,0,41017,92184,78673,62529,25571,48228,23509,28326,54834,54894,95935,18397,16939,57010,46185,71086,68606,33749,42281,63695,73530,31158,25805,56020,57993,52637,35816,33719,21793,103527,48488,96245,12125,58860,33063,80888,60994,100958,38715,34832,45343,60662,57332,83636,70299,87495,78536,45528,39751,8285,25394,72057,43978,30439,74180,49978,21541,20063,70434,68068,44385,122443,52645,46604,45400,43737,17569,75705,37539,10710,24162,35113,61517,41337,55383,107880,46297,54562,30983,58164,56725,99478
17,34559,34806,91986,8598,81800,47430,18751,64971,23599,44527,25035,17129,51216,30498,91795,51353,41017,0,72236,67594,46607,15943,41819,34286,20028,78692,57285,90145,47401,27435,39887,18838,33896,58747,24015,28762,61414,68948,35032,19361,45312,28079,43288,7178,49264,19230,81957,26502,73472,29728,37699,8541,91421,19986,85305,9966,19364,36629,21685,43159,69119,44394,67258,75364,58032,43144,46823,16652,50282,4330,11955,91893,32372,24935,21202,63074,52234,3913,96918,45685,14651,50818,24181,24715,57436,26655,40761,21047,30468,49702,10413,31584,86859,28450,33953,21924,66864,16261,77850
18,98252,43397,160398,63645,10129,37304,73278,42121,56271,63970,60579,88535,21559,43428,162427,91242,92184,72236,0,20323,29674,80715,44540,68958,66955,144609,46635,33646,108168,90163,35651,53959,49765,27035,59817,50779,37997,32070,61386,86906,36506,44513,39896,69583,66426,79279,11469,47431,7213,82020,35481,77420,162750,68821,15077,82174,60922,46851,58448,34855,12972,28291,5002,34311,60821,54935,100469,74102,22042,68348,71569,161105,43474,90712,82479,28882,24158,73432,31903,40651,57601,53341,51583,77892,16494,55530,83309,71232,57130,31253,62637,41073,15702,47740,39824,63267,54544,74612,7730
19,87625,33663,149603,59291,22815,23020,63500,22004,46978,47772,63246,82046,26817,37116,153195,75406,78673,67594,20323,0,21035,72256,30753,55197,57022,132884,27738,23217,95962,79929,27707,48825,54805,10105,49542,41004,18399,11796,47592,78617,23779,43295,26863,63153,49286,69711,30484,41092,27375,70000,30585,70761,154256,69987,22749,76988,52066,34717,59700,24661,7378,30831,18617,15195,41958,39268,86850,64895,22658,64421,63629,150794,35403,81419,72746,9297,15810,69781,51312,26172,53485,35770,43942,66778,14712,45202,68851,60845,45116,18472,57224,36770,33300,39612,33772,53146,34460,74331,27594
20,69006,13910,131240,38263,37605,10453,44198,26807,27201,35874,43806,61467,17036,16109,133924,62300,62529,46607,29674,21035,0,52326,15789,39431,37759,115159,25064,43983,78571,61017,6784,27804,37216,13284,30430,21428,21615,24980,31956,58654,8173,23093,11149,42439,39204,50333,40999,20132,33931,52396,9889,50163,134630,49755,40031,56105,32126,17258,39761,5221,22965,15871,24969,31298,36989,26839,70812,45278,11510,43387,43405,132125,14777,61962,53485,18365,5923,48746,60332,13092,32450,27753,23349,48416,13181,26078,53856,41916,27455,5921,36275,15897,45377,19115,12737,33967,36188,53634,36962
21,19423,38690,80051,21043,89577,49873,9699,64613,25291,37934,40829,12220,61064,37286,81741,37244,25571,15943,80715,72256,52326,0,42761,25950,15656,65335,55831,93327,31919,11704,45661,27619,48757,62510,22958,31256,62138,70980,30059,6360,48564,39296,45736,12749,41906,5005,91294,33300,83134,15465,45237,7571,82308,35817,92330,13690,20240,37987,37094,47821,75264,54545,75729,77069,52623,39885,30925,7644,58831,19548,9183,80519,37610,10324,5512,65995,58246,18984,108011,47280,25740,47598,29193,11834,64749,27168,27398,12986,28561,53784,19899,39926,96060,33259,40896,19437,63473,31181,87135
22,56986,9278,118857,34850,51328,7758,33474,23164,18481,20089,47781,53643,32256,16677,122675,46761,48228,41819,44540,30753,15789,42761,0,24735,27135,102149,16221,50622,65241,49437,13192,25424,44876,20654,19834,13069,19739,28222,17081,49051,8043,27941,4699,35872,23592,39639,56002,18492,49409,39246,18000,42724,123941,51261,52747,49956,23402,5189,42898,10888,35407,29246,40127,34372,23519,11097,56479,35165,27067,39815,34896,120086,12925,51268,42533,23432,20496,44918,75832,4634,30405,13852,18258,36155,28361,15852,38881,30575,14552,13375,31774,20023,60114,14709,16229,23323,27208,53124,52090
23,34314,26659,94953,32146,76048,32438,16899,42030,18427,12144,52491,38169,53865,30596,99742,23873,23509,34286,68958,55197,39431,25950,24735,0,14363,77867,32760,73196,40950,27894,34403,29280,55191,45115,14447,20794,40890,50602,7653,31048,32596,39476,29200,27142,15961,21218,80366,28526,73338,15944,37054,30075,101561,51656,77449,38059,18104,22174,47489,34209,60135,48970,64363,55964,26916,16776,31746,19353,49574,35006,22688,96452,28236,31055,22999,47108,44800,38194,99693,29136,31909,23527,24143,15098,52541,16638,14455,13782,12696,38063,28645,34807,84622,25319,33066,13846,38487,50049,76365
24,31303,23867,93510,18106,75339,34371,6486,49054,10689,24683,39089,27075,48678,24132,96298,34661,28326,20028,66955,57022,37759,15656,27135,14363,0,77692,40410,77742,41676,23263,31352,17915,43416,47142,7479,16334,46488,55342,15546,21918,33246,29668,30285,12852,29313,12693,77921,20643,70092,16416,31950,17087,97239,37494,77729,25046,6582,22463,34264,32955,60470,42678,62042,61414,38725,24793,36087,8032,45589,20654,9048,94366,23491,24400,15774,50455,43659,23918,95763,31685,19047,32599,15947,11378,50631,11836,23826,4408,12935,38598,14778,27622,82547,19298,27524,3875,48682,35685,73780
25,46520,101279,18165,85838,152728,109904,71484,118958,88380,87385,102606,62155,126014,101660,28529,63027,54834,78692,144609,132884,115159,65335,102149,77867,77692,0,109723,150764,36934,54692,108961,92894,112528,122779,84798,93838,118499,128314,85367,59909,109564,104631,106270,77899,88143,65716,155614,97904,147741,62967,109571,70843,33634,95074,154703,70114,83916,98579,100108,110140,137319,119665,139717,133370,99666,94462,47191,70953,123243,82982,74361,21102,101179,55011,62502,124972,120974,79922,173119,106712,90989,100228,93403,66746,128209,89109,65390,73383,88063,115093,85168,104778,160231,96982,105145,81345,112342,88229,151472
26,67063,25272,127184,50784,50546,15116,46153,9293,33685,22354,63783,67486,41619,32515,132438,49158,54894,57285,46635,27738,25064,55831,16221,32760,40410,109723,0,41137,73095,60350,26487,41618,59950,19645,33907,28914,9643,19284,26258,61832,18077,43463,17311,50898,22500,51946,57653,34673,52975,48694,31769,57111,134320,67479,50207,64743,38175,21156,58975,22536,34593,40883,43369,23694,14259,16223,62644,48226,35892,55629,49038,128880,28868,63022,54442,18442,26489,60586,78447,14148,46571,9494,34365,47059,33237,30666,44363,42927,27594,19463,47560,35333,60861,30930,31339,36961,11450,69268,54318
27,107080,55552,168089,82019,27910,43498,84097,32074,68401,63476,86376,103814,48684,59870,172795,90015,95935,90145,33646,23217,43983,93327,50622,73196,77742,150764,41137,0,113999,99817,50458,71552,77539,31402,70368,62476,32313,22646,66018,99644,45120,66510,47678,85249,63412,90255,37905,63725,40134,88879,53708,92638,174319,93203,23162,99272,73497,55344,82903,46989,25208,53551,35347,17446,53120,56433,103761,85764,45337,87175,85134,169646,57774,101853,93116,27373,39006,92535,55394,46057,76338,50608,66121,86435,37027,66198,85473,81170,65107,40447,79733,59849,37649,61790,56670,73907,41582,97507,37471
28,12941,64771,54099,52916,116039,72999,35868,82372,52253,50862,72432,34080,90354,65808,60004,29586,18397,47401,108168,95962,78571,31919,65241,40950,41676,36934,73095,113999,0,20232,72554,58206,80675,85857,48445,57444,81697,91479,48433,28234,72730,70209,69413,44551,52116,30772,119318,62268,111650,26187,73589,38879,62693,66497,117876,41281,48144,61781,68931,73485,100492,84283,103335,96655,63912,57607,12175,35851,87174,51314,40058,55824,64960,22554,27724,88045,84323,49773,137435,69792,57217,63616,57612,30396,91700,52665,29107,37277,51280,78261,51428,69238,123847,60892,69171,45127,76557,60726,115202
29,8178,47116,70254,32685,98603,57008,16885,69523,33910,39803,52439,17218,71323,46995,73271,30562,16939,27435,90163,79929,61017,11704,49437,27894,23263,54692,60350,99817,20232,0,54605,38426,60447,69924,30622,39589,67812,77195,34139,9297,56184,50345,53067,24326,42760,11028,101041,43213,93088,12392,54929,18900,74525,47014,100953,22768,29280,45211,48786,56171,83655,65008,85229,82949,54414,44137,20298,16264,68608,31204,20004,71112,46691,4627,7821,72851,66911,30132,118436,54070,37099,51327,38740,13394,73882,34998,22931,19150,34893,61629,31280,50087,105710,42429,50509,27056,66330,41803,96890
30,62654,7870,124859,31606,44028,11521,37737,30294,20701,32626,38789,54687,19713,9424,127333,57857,57010,39887,35651,27707,6784,45661,13192,34403,31352,108961,26487,50458,72554,54605,0,21133,33606,19269,24166,15128,25416,30486,27240,51972,8506,17904,9580,35655,36533,43822,46767,13387,39255,46455,5282,43382,127969,44074,46669,49338,25524,12641,34419,4263,29715,16076,30785,36929,36411,23987,65266,38714,15171,36749,36688,125669,8053,55396,46997,24066,12638,42112,65445,12585,25879,26778,16591,42243,19279,19890,48846,35596,21951,10493,29529,9999,51303,12404,6306,27628,37933,47525,42658
31,46565,17019,107622,10473,63302,29699,22538,48224,11256,35175,24183,34579,33596,11710,108757,52034,46185,18838,53959,48825,27804,27619,25424,29280,17915,92894,41618,71552,58206,38426,21133,0,25965,40221,14851,13152,44129,50877,25786,33474,27262,12020,25760,15676,40140,27489,64132,7856,55817,34148,18917,23488,108874,26073,66626,28529,11704,20497,19066,24623,50294,26975,48958,57340,45874,30370,53782,22355,31917,15623,18533,107982,14027,37928,30636,44755,33397,20985,80405,28538,5037,37120,7415,28843,38731,14078,41356,22029,19142,31213,8711,12924,68972,10786,15116,16030,52291,27733,59984
32,68073,35751,125300,27815,59875,45126,46862,63694,36866,59816,11888,50497,29262,28437,123999,77920,71086,33896,49765,54805,37216,48757,44876,55191,43416,112528,59950,77539,80675,60447,33606,25965,0,49967,40743,36562,58633,61797,51014,53134,42112,17115,42670,36198,64637,50450,56559,28167,48106,58965,28384,42107,122934,20887,64721,42617,37585,41430,12548,37783,52613,24006,45499,67846,68093,53328,78176,45938,32223,29676,41114,124920,32186,58564,53222,55154,40051,32694,67213,45825,24509,58551,31586,53517,40511,39226,67167,47154,44168,42951,29817,24855,61397,32276,28737,41949,71390,27853,52918
33,77576,24212,139511,50669,31841,12940,53603,16823,37312,38063,57053,72610,25119,28597,143196,65691,68606,58747,27035,10105,13284,62510,20654,45115,47142,122779,19645,31402,85857,69924,19269,40221,49967,0,39671,31340,11836,11835,37500,68866,13948,36377,16877,53902,39934,59813,38197,32373,33334,59901,23159,61375,144327,63021,32517,67890,42418,24736,53045,15607,15603,26947,23743,18042,33788,29371,76799,55073,19708,55829,54039,140722,26375,71513,62815,5186,10149,61185,58911,16067,45073,26564,34735,56729,14459,35368,58861,50884,35066,9045,48334,29035,41664,30399,25565,43267,28576,66750,34745
34,38576,16520,100811,19361,68035,26935,13960,42240,4255,21418,38478,33896,42213,17771,103754,37684,33749,24015,59817,49542,30430,22958,19834,14447,7479,84798,33907,70368,48445,30622,24166,14851,40743,39671,0,9040,39395,48053,11698,29281,25768,25286,22827,17197,26370,20170,70893,14861,63209,22508,25272,23228,104718,38630,70331,30844,4749,15035,33406,25549,53042,36551,54942,54196,34119,19136,41845,15422,38757,23320,15212,101732,16525,31878,23233,43044,36306,27650,89114,24325,17870,26855,10171,18083,43414,4378,27297,11488,6477,31123,15757,21663,75461,12595,20903,3604,42955,38204,66769
35,47587,7535,109817,21873,59023,19053,22790,36233,5977,23259,36958,41337,33583,9813,112583,44667,42281,28762,50779,41004,21428,31256,13069,20794,16334,93838,28914,62476,57444,39589,15128,13152,36562,31340,9040,0,32676,40586,14911,37617,17406,19736,14853,23006,28079,28955,61876,8436,54250,31401,16595,30183,113419,39213,61402,37122,11079,7886,31878,16650,44171,28296,45911,46916,32805,17365,50478,23980,29858,26776,22701,110698,7698,40628,32084,35112,27325,31851,80261,16988,17883,23967,5744,27114,34375,4793,34876,20502,8231,22532,18720,14059,66430,4614,12388,12542,39283,40437,57757
36,74906,27109,135780,54101,41188,14532,52635,5261,38218,31431,64173,73286,36355,33472,140562,58629,63695,61414,37997,18399,21615,62138,19739,40890,46488,118499,9643,32313,81697,67812,25416,44129,58633,11836,39395,32676,0,9866,33799,68344,17292,43309,18369,55600,32024,58677,48710,36508,44652,56634,30400,62443,142202,69020,40634,69693,43131,24884,59697,21153,25510,37114,35192,15141,23651,24121,71606,54498,30725,59172,54561,137335,30290,70105,61398,9186,20893,64378,69553,15741,49166,18668,37437,54419,26272,35558,53326,49557,33585,15735,51213,35279,51686,33415,31333,42775,16789,71744,45570
37,84435,34149,145542,61189,33338,21563,61632,11370,46396,41297,68784,81776,36061,39520,150150,68423,73530,68948,32070,11796,24980,70980,28222,50602,55342,128314,19284,22646,91479,77195,30486,50877,61797,11835,48053,40586,9866,0,43378,77260,23667,48013,25752,63574,41779,67756,41821,43044,39160,66240,34765,70730,151682,74524,31973,77682,51441,33128,64680,26477,19097,38585,30354,6468,32719,33873,81462,63374,30989,66337,63032,147051,36852,79305,70572,6651,21846,71647,62523,23764,55845,28512,44767,63807,24362,43993,63186,58649,42587,19992,58580,40440,44196,40524,36772,51543,23494,77958,39180
38,41107,19700,102327,31037,68400,24787,20387,35389,14542,9723,49855,42082,46881,24582,106781,30620,31158,35032,61386,47592,31956,30059,17081,7653,15546,85367,26258,66018,48433,34139,27240,25786,51014,37500,11698,14911,33799,43378,0,35824,24966,34513,21568,27932,14671,25867,72812,23232,65887,22861,30332,32604,108409,50323,69800,40586,16355,14757,44749,26741,52481,42347,56831,48935,23184,10040,39399,22656,42372,34802,24594,103733,21759,36768,28232,39627,37230,38815,92279,21493,29372,17578,19427,20806,45008,11822,21926,17079,6853,30420,27429,28860,77033,19520,26611,13110,33425,49797,68832
39,15304,45045,74170,25939,95839,56210,15727,70705,31651,43175,44303,8379,67041,43494,75521,38828,25805,19361,86906,78617,58654,6360,49051,31048,21918,59909,61832,99644,28234,9297,51972,33474,53134,68866,29281,37617,68344,77260,35824,0,54921,44897,52080,18057,46862,9969,97403,39474,89189,18124,51425,11039,76001,38284,98641,13513,26593,44316,41041,54173,81601,60450,81914,83317,57941,45767,29592,13886,64970,23473,15346,74510,43919,5686,8191,72326,64572,21543,113855,53588,31138,53402,35461,16111,71013,33514,29978,18907,34759,60144,25357,45998,102191,39568,47113,25737,69123,32749,93245
40,63947,10509,126055,37526,43480,3014,39721,21968,23371,27934,46958,58722,25151,16220,129436,54802,56020,45312,36506,23779,8173,48564,8043,32596,33246,109564,18077,45120,72730,56184,8506,27262,42112,13948,25768,17406,17292,23667,24966,54921,0,26164,3399,40148,31095,45933,47965,19475,41388,46596,13763,47521,130476,51740,45146,54210,28478,11016,42425,4460,27762,23212,32083,30114,29017,18851,64292,41146,19680,42671,40107,127154,13244,57640,48966,17815,12458,47980,67805,4932,32262,19646,21139,43118,20328,21441,46850,37075,21519,5531,34927,18059,52103,16866,14075,29370,29500,54639,44047
41,58452,18722,119030,19644,54321,29120,34550,48121,21108,42952,20891,44946,23202,11349,119609,62971,57993,28079,44513,43295,23093,39296,27941,39476,29668,104631,43463,66510,70209,50345,17904,12020,17115,36377,25286,19736,43309,48013,34513,44897,26164,0,26173,26846,47703,39464,53922,11305,45410,46034,13247,34373,119419,26738,58232,38038,23194,24323,16671,22161,43145,16365,39596,54374,51003,36225,65700,34359,22977,24003,30365,119233,15116,49619,42586,41435,27517,28962,69110,29331,13848,41497,15339,40788,30866,22964,52521,33904,27677,28173,19544,8151,58838,15291,12167,27284,54828,31174,49835
42,60771,8741,122823,35778,46863,4200,36736,22585,20732,24737,46675,56155,27846,15461,126337,51449,52637,43288,39896,26863,11149,45736,4699,29200,30285,106270,17311,47678,69413,53067,9580,25760,42670,16877,22827,14853,18369,25752,21568,52080,3399,26173,0,37821,28083,42944,51351,18194,44713,43306,14768,45033,127450,50923,48467,51930,25821,7860,41974,6482,31088,25295,35449,32117,26891,15690,60906,38246,22536,40878,37457,123960,12034,54640,45938,20305,15810,46127,71137,3163,30797,17311,19159,39927,23670,18567,43450,34008,18280,8883,32984,18031,55501,15058,14029,26414,28728,53409,47422
43,32170,29700,92191,8383,78818,42015,12262,58890,17400,37375,29167,19081,49243,26567,93091,45140,35816,7178,69583,63153,42439,12749,35872,27142,12852,77899,50898,85249,44551,24326,35655,15676,36198,53902,17197,23006,55600,63574,27932,18057,40148,26846,37821,0,42094,14369,79808,22468,71486,24005,34286,7840,93203,25764,81969,14115,12725,30715,24978,38502,65312,42567,64580,69919,51011,36309,42329,10529,47546,8446,5459,92443,27761,22959,17031,57959,48253,11067,95872,39980,13092,44050,19214,18698,54107,20260,34386,14155,23675,44896,7301,28509,84646,23550,30173,14848,60153,23065,75660
44,48140,30406,105889,45690,71758,29490,32788,31338,29017,4980,64310,54122,55848,36852,112055,26664,33719,49264,66426,49286,39204,41906,23592,15961,29313,88143,22500,63412,52116,42760,36533,40140,64637,39934,26370,28079,32024,41779,14671,46862,31095,47703,28083,42094,0,37131,77823,36476,71981,30377,40834,45840,114430,64994,72025,53858,31003,24466,59194,34468,55529,52577,62439,45993,11904,12550,40960,35230,50616,49328,38164,107848,33417,46370,38724,40189,43239,53114,98233,26322,43958,13529,33324,30772,51019,26062,23010,29585,21003,35601,42082,41010,81517,32412,37966,27512,24457,64374,74138
45,19206,36486,81123,22682,87850,47000,6212,60885,23136,33299,43435,17048,60298,36012,83630,32673,21793,19230,79279,69711,50333,5005,39639,21218,12693,65716,51946,90255,30772,11028,43822,27489,50450,59813,20170,28955,58677,67756,25867,9969,45933,39464,42944,14369,37131,0,90092,32199,82100,10807,43960,11594,84547,39201,90348,18533,18357,35100,39341,45603,73124,53982,74329,73722,48046,35835,27977,5237,57637,22256,9375,81855,35845,11707,3217,63038,56249,22678,107408,44232,26510,43444,27765,6829,63073,24527,22578,9120,25168,51291,20787,39061,94785,31545,39547,16566,59156,35123,85938
46,109168,54583,171196,73424,10031,48770,84170,52486,67234,75425,68004,98579,30741,54099,172862,102712,103527,81957,11469,30484,40999,91294,56002,80366,77921,155614,57653,37905,119318,101041,46767,64132,56559,38197,70893,61876,48710,41821,72812,97403,47965,53922,51351,79808,77823,90092,0,58012,8604,93216,46139,87611,172996,76636,14989,91923,71760,58228,66512,46204,23207,37566,16033,42925,71895,66398,111810,84884,32477,77924,82116,171796,54438,101402,93304,39524,35583,82845,20844,52119,67437,64659,62330,88976,27833,66652,94738,82241,68435,42722,72712,51407,4937,58636,50545,74292,64940,82863,4159
47,51383,9514,113208,18296,56456,22005,26489,40769,10614,31684,29423,41549,28138,4098,114995,52269,48488,26502,47431,41092,20132,33300,18492,28526,20643,97904,34673,63725,62268,43213,13387,7856,28167,32373,14861,8436,36508,43044,23232,39474,19475,11305,18194,22468,36476,32199,58012,0,49927,36914,11952,30276,115375,32847,59510,35979,14124,14021,24466,16770,42876,22035,42440,49509,40501,25333,56485,26965,25537,23456,24140,113784,6238,43392,35416,36900,25854,28813,75265,21110,12801,31250,4752,32018,31679,11889,42079,25050,16419,23359,16144,6979,62763,4169,7712,17530,45682,35236,53853
48,101241,47123,163130,64963,13736,42557,76256,48961,59431,69226,59471,90170,22286,46092,164574,96150,96245,73472,7213,27375,33931,83134,49409,73338,70092,147741,52975,40134,111650,93088,39255,55817,48106,33334,63209,54250,44652,39160,65887,89189,41388,45410,44713,71486,71981,82100,8604,49927,0,85651,38169,79265,164626,68067,19332,83437,63825,51168,57919,39147,20086,29081,9632,41524,67041,60139,104510,76874,24503,69412,73951,163654,46690,93302,85316,35644,28936,74301,26425,45836,58999,59173,54348,81260,21066,59042,87777,74449,61141,36434,64343,43208,13539,50797,42595,66536,61328,74266,4821
49,18370,38636,79621,31824,89853,46986,12139,57952,26517,27562,53080,26357,64699,40180,83928,21865,12125,29728,82020,70000,52396,15465,39246,15944,16416,62967,48694,88879,26187,12392,46455,34148,58965,59901,22508,31401,56634,66240,22861,18124,46596,46034,43306,24005,30377,10807,93216,36914,85651,0,47779,22397,85646,49554,91739,29155,22990,35619,48666,47299,74354,58898,77211,71756,42077,32611,19674,13482,61241,32332,18561,80927,39013,16261,10339,62362,58137,33323,111619,43844,34479,39466,32170,5454,65540,26609,12002,12131,25107,52125,29245,43874,97710,35088,43400,19414,54121,45815,89113
50,63075,10707,125057,29178,44541,16776,38087,35375,21337,36669,34073,53348,16989,7963,126946,60830,58860,37699,35481,30585,9889,45237,18000,37054,31950,109571,31769,53708,73589,54929,5282,18917,28384,23159,25272,16595,30400,34765,30332,51425,13763,13247,14768,34286,40834,43960,46139,11952,38169,47779,0,42121,127319,39867,47728,47446,25657,16434,29916,9399,31441,12024,30493,41132,41440,28378,67034,38746,13679,34208,36087,125683,8905,55280,47173,28193,14818,39528,63864,17827,23202,31776,16194,43197,19837,21320,51347,36327,24365,14980,27609,6220,50858,12705,4427,28470,43215,43813,41983
51,26075,37171,84723,15028,86657,49233,13246,65451,24334,41444,33571,11305,57003,34373,85340,44259,33063,8541,77420,70761,50163,7571,42724,30075,17087,70843,57111,92638,38879,18900,43382,23488,42107,61375,23228,30183,62443,70730,32604,11039,47521,34373,45033,7840,45840,11594,87611,30276,79265,22397,42121,0,85387,28266,89786,8025,19324,37653,30097,46100,73075,50292,72417,77010,55746,41813,38485,10803,55381,12481,8106,84865,35428,16486,13020,65288,56004,11414,103479,47006,20526,49625,26848,17930,61936,26885,34030,16294,29530,52413,14937,36347,92458,31159,37987,20195,65733,23661,83466
52,67307,120918,20461,99774,171813,131456,90757,143591,107504,112630,111560,74483,142345,119430,6408,91870,80888,91421,162750,154256,134630,82308,123941,101561,97239,33634,134320,174319,62693,74525,127969,108874,122934,144327,104718,113419,142202,151682,108409,76001,130476,119419,127450,93203,114430,84547,172996,115375,164626,85646,127319,85387,0,102860,174638,81552,102513,119591,110517,130056,157548,135589,157749,157342,126315,118254,74666,89438,140733,95642,91326,16047,119917,72839,81514,147367,140552,91220,188318,128570,105665,125009,111458,87888,146996,109071,91513,93445,109389,135837,100288,121693,177845,115565,123056,101113,138866,95621,168852
53,53555,42347,106564,19521,78924,54505,38027,73492,36257,60030,9007,33337,47394,35554,104277,70903,60994,19986,68821,69987,49755,35817,51261,51656,37494,95074,67479,93203,66497,47014,44074,26073,20887,63021,38630,39213,69020,74524,50323,38284,51740,26738,50923,25764,64994,39201,76636,32847,68067,49554,39867,28266,102860,0,83375,25502,34074,46488,10466,48208,69385,41002,64195,80938,71761,56247,66742,36198,48757,17318,31192,105845,38894,43971,41164,68013,54241,16889,88091,53917,21426,63174,33486,44375,56999,39416,60147,39737,44282,54550,23075,34089,81539,36562,37853,37970,78317,7239,72821
54,108867,53866,171077,76723,5606,45013,84192,43310,67227,70493,75323,101048,35985,55414,173954,98133,100958,85305,15077,22749,40031,92330,52747,77449,77729,154703,50207,23162,117876,100953,46669,66626,64721,32517,70331,61402,40634,31973,69800,98641,45146,58232,48467,81969,72025,90348,14989,59510,19332,91739,47728,89786,174638,83375,0,95134,72155,56124,72938,44782,17384,42453,19255,31241,64271,61885,109190,85309,35266,81617,83342,172059,54722,101991,93486,31881,34109,86836,32716,48316,70680,58502,63212,88122,27896,65955,91349,81810,66641,39615,75331,53740,14532,59073,51799,73903,55416,88916,15482
55,28389,43729,82715,18532,91698,56121,21179,72902,31475,49469,32514,7963,61182,40041,82055,50891,38715,9966,82174,76988,56105,13690,49956,38059,25046,70114,64743,99272,41281,22768,49338,28529,42617,67890,30844,37122,69693,77682,40586,13513,54210,38038,51930,14115,53858,18533,91923,35979,83437,29155,47446,8025,81552,25502,95134,0,26648,44813,30099,52396,78795,54361,77192,84033,63747,49669,43057,18724,60195,14099,16005,82448,41603,19046,19007,72025,61823,9938,106766,54093,24573,57475,33155,25258,67244,34240,41076,24291,37246,58860,19868,41394,96826,37491,43568,27993,73598,19445,87816
56,37419,18452,99478,14687,69540,30011,12432,46254,5106,26075,34393,30344,42234,17750,101812,40348,34832,19364,60922,52066,32126,20240,23402,18104,6582,83916,38175,73497,48144,29280,25524,11704,37585,42418,4749,11079,43131,51441,16355,26593,28478,23194,25821,12725,31003,18357,71760,14124,63825,22990,25657,19324,102513,34074,72155,26648,0,18334,29385,27580,55037,36150,55973,57698,38860,23793,42653,13199,39334,18571,11639,100202,17509,29873,21558,46124,38049,22947,89351,27694,13807,31454,9499,17944,44739,7594,29651,10965,11118,33599,11079,21097,76438,13192,21233,4377,47513,33472,67609
57,52939,5971,115038,29714,54294,11908,28896,28350,13348,20234,43445,48650,32354,12998,118479,45303,45343,36629,46851,34717,17258,37987,5189,22174,22463,98579,21156,55344,61781,45211,12641,20497,41430,24736,15035,7886,24884,33128,14757,44316,11016,24323,7860,30715,24466,35100,58228,14021,51168,35619,16434,37653,119591,46488,56124,44813,18334,0,38473,12037,38741,28350,42209,39364,26689,12196,53628,30454,27665,34652,29904,116142,9289,46790,38083,28009,22725,39737,77540,9366,25422,17275,13208,32104,30394,10872,36609,26148,10516,16527,26602,16878,62541,9994,13552,18602,31829,48111,54209
58,56172,33706,112756,16844,68534,45296,36561,64362,30215,54224,5117,38006,36972,26521,111502,68848,60662,21685,58448,59700,39761,37094,42898,47489,34264,100108,58975,82903,68931,48786,34419,19066,12548,53045,33406,31878,59697,64680,44749,41041,42425,16671,41974,24978,59194,39341,66512,24466,57919,48666,29916,30097,110517,10466,72938,30099,29385,38473,0,38638,58945,30540,53784,71046,64670,49241,67308,35269,38299,17623,30244,112372,30109,46577,41892,58106,44017,20200,78802,45066,15586,55620,26203,43236,46557,33133,57983,37445,38191,44798,19632,24443,71432,28499,28364,33683,70107,16365,62639
59,64104,9138,126332,35062,42587,7436,39428,26037,22553,30937,43040,57388,21394,13071,129233,57131,57332,43159,34855,24661,5221,47821,10888,34209,32955,110140,22536,46989,73485,56171,4263,24623,37783,15607,25549,16650,21153,26477,26741,54173,4460,22161,6482,38502,34468,45603,46204,16770,39147,47299,9399,46100,130056,48208,44782,52396,27580,12037,38638,0,27521,18918,30179,32939,33220,21984,65616,40623,16185,40223,39049,127280,10801,57279,48723,20181,10839,45577,65541,9071,29506,23715,19287,43424,18374,21174,48635,37031,22290,6592,32749,14196,50555,14953,10356,29122,33951,51481,42176
60,91535,36647,153725,60617,16238,27702,66947,29337,50051,53631,62024,84374,23526,38786,156754,81238,83636,69119,12972,7378,22965,75264,35407,60135,60470,137319,34593,25208,100492,83655,29715,50294,52613,15603,53042,44171,25510,19097,52481,81601,27762,43145,31088,65312,55529,73124,23207,42876,20086,74354,31441,73075,157548,69385,17384,78795,55037,38741,58945,27521,0,28793,11812,21696,48853,44846,91881,68133,20701,65645,66369,154742,37741,84797,76242,16324,17077,70955,44052,31032,54640,42115,46305,70764,12387,48664,74135,64505,49258,22231,58927,37625,26269,42080,35229,56628,41791,74298,20224
61,73185,22724,134585,35882,38242,25952,48448,42367,32411,48553,33299,61112,6837,18782,135632,72794,70299,44394,28291,30831,15871,54545,29246,48970,42678,119665,40883,53551,84283,65008,16076,26975,24006,26947,36551,28296,37114,38585,42347,60450,23212,16365,25295,42567,52577,53982,37566,22035,29081,58898,12024,50292,135589,41002,42453,54361,36150,28350,30540,18918,28793,0,23456,44354,52138,40044,78385,48751,8218,40360,45395,134956,20734,64822,57187,32054,16798,45320,53477,27987,29930,42603,26747,54052,16541,32882,63169,47085,36274,21718,35354,15056,42477,24033,15918,39484,52059,46467,33472
62,93329,38575,155452,58665,14788,33090,68345,39650,51354,59787,56077,83535,16816,38445,157434,86885,87495,67258,5002,18617,24969,75729,40127,64363,62042,139717,43369,35347,103335,85229,30785,48958,45499,23743,54942,45911,35192,30354,56831,81914,32083,39596,35449,64580,62439,74329,16033,42440,9632,77211,30493,72417,157749,64195,19255,77192,55973,42209,53784,30179,11812,23456,0,33471,57413,50715,95777,69145,17041,63386,66579,156139,38552,85741,77532,26308,19641,68488,35816,36402,52618,49562,46614,73025,11823,50676,78756,66334,52402,26982,57637,36070,20518,42800,34846,58373,51935,69874,12002
63,90042,40579,150754,67640,33655,27945,67640,14663,52679,46041,75093,88003,41304,45987,155679,72625,78536,75364,34311,15195,31298,77069,34372,55964,61414,133370,23694,17446,96655,82949,36929,57340,67846,18042,54196,46916,15141,6468,48935,83317,30114,54374,32117,69919,45993,73722,42925,49509,41524,71756,41132,77010,157342,80938,31241,84033,57698,39364,71046,32939,21696,44354,33471,0,35970,39188,86331,69443,36521,72785,69254,152367,43313,85199,76482,12939,27796,78090,63165,30004,62311,33173,51186,69555,29307,50204,68045,64603,48575,26437,65008,46864,44634,46958,43222,57648,25150,84418,40806
64,60001,32367,117511,53193,64774,26538,43150,21519,35638,14772,69732,64813,54010,39659,123891,37301,45528,58032,60821,41958,36989,52623,23519,26916,38725,99666,14259,53120,63912,54414,36411,45874,68093,33788,34119,32805,23651,32719,23184,57941,29017,51003,26891,51011,11904,48046,71895,40501,67041,42077,41440,55746,126315,71761,64271,63747,38860,26689,64670,33220,48853,52138,57413,35970,0,15517,52564,45525,48388,57415,47771,119554,35907,57858,49915,32663,39607,61738,92671,24160,50338,9670,38526,42004,46848,32431,34836,39851,27832,32080,49646,43355,75121,36346,39687,36165,12681,72141,68522
65,50954,18165,111672,37826,61034,17637,30185,25395,20211,9091,54323,51757,43331,25032,116503,36427,39751,43144,54935,39268,26839,39885,11097,16776,24793,94462,16223,56433,57607,44137,23987,30370,53328,29371,19136,17365,24121,33873,10040,45767,18851,36225,15690,36309,12550,35835,66398,25333,60139,32611,28378,41813,118254,56247,61885,49669,23793,12196,49241,21984,44846,40044,50715,39188,15517,0,47800,32359,38164,42207,33710,113213,21415,46809,38259,30739,31223,46737,86519,14312,34822,7811,23051,30836,39080,16994,29643,26911,12677,23732,34319,29035,70323,21164,25743,21680,23929,56766,62584
