0,0,1,2,3,4,5,6,7,8,9,10,11,12,13,14,15,16,17,18,19,20,21,22,23,24,25,26,27,28,29,30,31,32,33,34,35,36,37,38,39,40,41,42,43,44,45,46,47,48,49,50,51,52,53,54,55,56,57,58,59,60,61,62,63,64,65
0,0,55417,46810,71147,28606,94261,30723,21106,69001,18179,69781,47339,50017,21037,36787,55168,69639,49765,100130,53868,74060,37089,10824,78257,21169,27320,99653,20896,90729,15909,30057,68203,7060,32440,43771,46566,61102,47222,8397,52815,31488,29504,39771,69810,9452,18755,39793,42653,56485,28355,64510,84826,17583,78188,44750,16050,105103,41310,57642,23682,58914,59779,12795,83342,53888,49781
1,55417,0,16700,125898,45279,45272,27242,34684,14707,48207,18914,23387,47707,62628,19990,108412,26304,5713,46258,11770,129477,31965,49242,22950,56189,28646,44657,71499,39867,40296,51376,16789,56847,23740,55342,12441,7414,20765,62948,17522,37771,28278,26087,14504,46773,40699,21676,16332,25007,49436,26927,34665,54396,23781,10863,59382,54655,17151,9250,41077,13675,45484,43382,29267,3202,29230
2,46810,16700,0,117878,30173,47529,26470,26043,30608,35317,23464,32896,31157,59202,11213,101810,23239,14630,53975,7839,119783,15930,38360,34823,42436,20107,58348,65743,43938,30903,52238,33451,46356,15383,38722,5119,17844,4401,55053,6321,22507,17305,31610,27153,37416,29194,7220,22153,38069,34301,19412,38024,51046,39032,11173,46836,58305,6473,12570,27569,29304,30433,36844,37758,13544,13383
3,71147,125898,117878,0,94192,165135,99348,92226,138596,84825,140928,112743,113495,66224,107908,19924,140384,120186,171230,125015,14830,106491,79889,148849,81094,98428,169068,55156,161816,87032,82691,136789,71950,103539,102809,117697,131992,117968,63129,123762,99842,100595,105502,140399,80473,89006,110773,111494,120895,91662,134838,155900,73475,147537,115522,74414,176068,112458,128753,92363,126972,125093,82541,154374,124666,119178
4,28606,45279,30173,94192,0,73090,34315,20625,59932,10501,52696,50556,21421,48462,26307,80899,48640,40997,82601,37948,93715,14577,17826,64979,13539,22025,88515,49373,71045,19128,51044,61663,23992,24339,16896,33046,47938,27994,36319,34156,7665,19152,44880,57291,21278,13430,23728,40836,58882,4162,42259,65198,42443,68774,35366,19791,84184,28139,42739,7455,54930,31731,27496,67244,42508,25922
5,94261,45272,47529,165135,73090,0,71120,73567,41696,80981,26491,68019,60516,105957,58262,149334,24784,50143,16945,41134,166243,59235,85271,29460,86587,67556,39397,113189,6685,78380,96353,47489,93248,62634,72747,48728,37859,47166,102551,41446,66256,64794,71360,34115,84826,76131,54468,61475,66759,76613,30835,10625,97686,39796,52762,92231,11093,53466,38560,73194,54006,49903,84244,20356,44748,47175
6,30723,27242,26470,99348,34315,71120,0,14479,39247,30996,44788,17598,48694,35396,15890,81424,48536,21640,73490,30511,103898,29026,28212,49943,39421,12640,69787,44495,66318,19039,25862,37772,34225,13293,50161,23204,34140,29538,37212,32518,29681,16704,10796,41597,23969,22851,22601,12194,26723,37598,45731,60752,27154,48237,18366,39716,81152,20091,32559,27174,28264,53034,17935,56485,26769,36933
7,21106,34684,26043,92226,20625,73567,14479,0,48757,16554,48712,31867,38132,34227,15684,75804,49191,29151,79025,32836,95000,20071,14929,57339,25030,6215,79255,39757,69798,5638,31910,48679,22211,11335,37221,25470,40068,27073,29154,32229,17751,9023,25275,48921,12104,8371,19344,24059,40827,23508,44596,63921,26519,57994,23873,26034,84296,20271,36538,13207,40092,45002,11122,62242,32945,31493
8,69001,14707,30608,138596,59932,41696,39247,48757,0,62837,20024,29063,60665,73826,34612,120533,30889,19733,37419,23925,142893,46344,63535,13052,70875,42904,30660,83653,35267,54396,60524,5954,70966,38168,69254,26929,13720,34208,76157,29570,52380,42879,34653,8359,60734,55199,36246,27123,25575,64092,34489,31613,65820,9236,25343,73920,48950,31840,19410,55774,13495,56606,56562,21984,17434,41792
9,18179,48207,35317,84825,10501,80981,30996,16554,62837,0,58715,48417,31912,38485,28227,70843,56231,43174,89140,43096,85262,21796,7562,69654,8517,20759,92638,38879,78337,12482,42962,63609,13603,24865,25968,36898,52215,34270,25818,40405,15016,19961,41774,61525,11887,8281,28172,40147,57338,10385,50292,72417,33063,71983,37507,11520,92041,31512,47601,7840,55699,42107,19363,73075,45855,34373
10,69781,18914,23464,140928,52696,26491,44788,48712,20024,58715,0,42097,46863,79911,33049,124340,11137,23652,30521,15942,143181,38120,61763,14780,65543,42528,37893,87755,21549,53922,69868,25795,69742,37441,57496,23262,11533,24736,77860,18547,45163,40451,44956,11810,60510,52619,30681,34999,42159,56683,16209,15986,71626,23785,26517,70233,36370,28472,12390,50917,29443,40074,58896,14551,18258,28861
11,47339,23387,32896,112743,50556,68019,17598,31867,29063,48417,42097,0,61470,46689,26556,93880,49495,20183,66300,32708,118641,42100,45791,41784,56897,28590,57509,57664,62188,36634,31897,25367,51515,26687,65242,27949,30594,37130,52836,37198,44782,31594,7601,34552,41412,40177,32804,10997,9196,54177,49123,57407,39281,36681,21734,57306,76690,28309,32117,43860,15656,63071,34685,50050,25047,45970
12,50017,47707,31157,113495,21421,60516,48694,38132,60665,31912,46863,61470,0,69494,34946,101428,38836,45633,73272,36770,111487,19733,39212,61304,32763,36401,84753,70792,60263,38771,70024,64238,45264,35733,12384,36037,47019,26947,57715,31103,20461,32061,57776,55338,42268,33319,28779,50541,68150,22523,31954,54972,62972,68138,41175,39781,71275,33583,41283,27194,60420,11928,47417,60569,44508,18889
13,21037,62628,59202,66224,48462,105957,35396,34227,73826,38485,79911,46689,69494,0,48037,47191,82367,57035,108884,64857,73228,53813,30926,85171,42205,39374,103761,12175,101455,31360,17149,71353,27832,43824,64428,57272,69512,60937,17164,65522,49642,43140,39678,76902,27242,36352,53152,46917,54678,48863,78385,95777,8285,82418,53401,36713,116251,52864,67550,42329,61444,78176,23176,91881,62115,65700
14,36787,19990,11213,107908,26307,58262,15890,15684,34612,28227,33049,26556,34946,48037,0,91339,34333,15016,63343,17244,110554,15593,29527,42021,36303,9482,64557,54943,54256,21038,41306,35648,37328,4400,39182,9790,24601,13728,44814,17524,19354,8288,23134,33692,27639,20764,6835,15736,33766,30369,30594,48414,39856,43758,9318,39402,68857,4831,20855,21275,28626,37675,25997,46589,17779,21146
15,55168,108412,101810,19924,80899,149334,81424,75804,120533,70843,124340,93880,101428,47191,91339,0,124784,102708,154294,108579,31199,91862,64945,131300,68677,81902,150764,36934,145583,70975,63224,118376,57358,86938,91872,101097,114832,102384,46813,107906,85647,84543,86810,122894,64619,73748,94895,93424,101779,78985,119665,139717,54834,129315,98360,61648,160099,96040,112012,77899,108492,112528,65460,137319,107432,104631
16,69639,26304,23239,140384,48640,24784,48536,49191,30889,56231,11137,49495,38836,82367,34333,124784,0,29572,34703,18070,141483,34540,60503,25323,62054,43337,47173,88940,22436,53813,74339,36483,68473,38599,50392,25376,19891,22438,77971,16969,41611,40286,50971,22859,60190,51379,29908,40760,51060,52315,6907,16674,74169,34874,30486,67535,35816,29503,17392,48429,38759,30452,60074,22161,24457,22928
17,49765,5713,14630,120186,40997,50143,21640,29151,19733,43174,23652,20183,45633,57035,15016,102708,29572,0,51859,12571,123819,28456,43836,28663,51314,23203,50105,65801,44991,34781,46231,20686,51352,18435,52240,9604,12554,19015,57253,17500,33680,23217,21543,20218,41209,35469,17965,11409,23814,45121,28944,39606,48786,28949,5700,54195,59822,13072,12237,36288,14824,44840,37677,34850,5406,27947
18,100130,46258,53975,171230,82601,16945,73490,79025,37419,89140,30521,66300,73272,108884,63343,154294,34703,51859,0,46435,173692,68117,92282,24516,95728,72814,24082,117489,13549,84332,97070,42255,100256,67698,85045,53571,39495,54942,108105,48762,75230,70933,71198,32221,90932,83141,61195,62284,62792,86457,41585,18311,100643,31966,55938,100644,15204,58890,42487,81317,50893,63742,88874,17014,46914,57427
19,53868,11770,7839,125015,37948,41134,30511,32836,23925,43096,15942,32708,36770,64857,17244,108579,18070,12571,46435,0,127256,23556,45856,27032,50275,26685,50636,72161,37011,37991,56277,27578,53823,21644,45505,7593,10475,10494,61989,5838,30289,24509,33239,19564,44575,36735,14926,23078,36070,42058,16449,31176,56600,31847,12439,54609,51636,12565,4858,35379,25416,33761,43226,30019,8744,17948
20,74060,129477,119783,14830,93715,166243,103898,95000,142893,85262,143181,118641,111487,73228,110554,31199,141483,123819,173692,127256,0,107035,81425,152303,80225,101192,173548,61348,163460,89522,90261,141667,73438,106296,100045,120232,135067,119326,66743,125345,100089,102771,111173,143862,82930,90589,112572,116083,127221,90690,135528,157529,79632,152018,118794,74116,177298,114852,131324,93054,132046,123341,86330,157108,127917,119421
21,37089,31965,15930,106491,14577,59235,29026,20071,46344,21796,38120,42100,19733,53813,15593,91862,34540,28456,68117,23556,107035,0,26917,50562,27638,17045,74193,57664,56814,22532,51618,48697,34648,16001,23879,19523,33773,13425,45456,19579,7120,12593,38076,43058,27903,18352,10492,31329,49316,18601,28498,50924,46413,54924,23215,33000,70310,15439,28395,14128,43109,24981,30703,52667,28978,12770
22,10824,49242,38360,79889,17826,85271,28212,14929,63535,7562,61763,45791,39212,30926,29527,64945,60503,43836,92282,45856,81425,26917,0,71549,13077,20634,93897,31700,82155,9410,36257,63599,8003,25513,33509,38990,54114,38116,18862,44016,20889,21460,38641,63212,5193,9179,31155,38863,54935,17936,54987,76224,25704,72768,38378,11530,96242,33564,50033,13064,54994,48989,13301,75799,47259,39687
23,78257,22950,34823,148849,64979,29460,49943,57339,13052,69654,14780,41784,61304,85171,42021,131300,25323,28663,24516,27032,152303,50562,71549,0,77134,51187,23737,94370,22841,62889,72736,18402,79328,46131,71483,32768,17468,37266,85875,31411,57318,50166,46817,8455,69441,62690,41648,38282,38620,69090,30963,20149,77009,10812,33509,81088,36006,38188,22254,62094,26429,54852,66327,9191,24394,42856
24,21169,56189,42436,81094,13539,86587,39421,25030,70875,8517,65543,56897,32763,42205,36303,68677,62054,51314,95728,50275,80225,27638,13077,77134,0,29229,100364,40121,84411,20609,49243,71863,14565,33167,23869,44529,59791,40831,27066,47029,20517,28130,50171,69150,18255,16798,35485,48651,65842,10573,55751,78537,38087,79961,45620,7080,97681,39241,54928,15131,64117,44084,26322,80036,53708,39442
25,27320,28646,20107,98428,22025,67556,12640,6215,42904,20759,42528,28590,36401,39374,9482,81902,43337,23203,72814,26685,101192,17045,20634,51187,29229,0,73284,45647,63680,11701,34840,43146,28206,5120,37539,19273,33876,21563,35333,26374,17041,4466,22910,42785,18267,12608,13777,19476,37139,25587,39036,57818,31373,52135,17793,31235,78229,14138,30328,15299,34964,41823,16737,56027,26802,27006
26,99653,44657,58348,169068,88515,39397,69787,79255,30660,92638,37893,57509,84753,103761,64557,150764,47173,50105,24082,50636,173548,74193,93897,23737,100364,73284,0,113999,33754,84887,89389,32408,101458,68397,95167,55835,40618,60966,106807,55147,80849,72832,64118,31246,91294,85316,64967,57603,51160,92648,53551,35347,95935,21551,55520,103942,39218,61153,45803,85249,42317,77539,87220,25208,46802,66510
27,20896,71499,65743,55156,49373,113189,44495,39757,83653,38879,87755,57664,70792,12175,54943,36934,88940,65801,117489,72161,61348,57664,31700,94370,40121,45647,113999,0,109148,35509,29306,81667,25850,50559,63766,64606,77998,66785,13170,71972,52332,48728,50362,85971,29764,39342,59094,56531,66019,48738,84283,103335,18397,92501,61560,33517,123795,59724,75380,44551,71829,80675,28946,100492,70585,70209
28,90729,39867,43938,161816,71045,6685,66318,69798,35267,78337,21549,62188,60263,101455,54256,145583,22436,44991,13549,37011,163460,56814,82155,22841,84411,63680,33754,109148,0,74820,91198,40997,90158,58656,72236,44543,32507,44135,98926,38140,63920,61232,65888,27924,81351,72978,51061,56183,60526,74747,29106,5932,93171,33114,48066,89737,14839,49543,33909,70502,47838,50388,80229,13697,39655,45358
29,15909,40296,30903,87032,19128,78380,19039,5638,54396,12482,53922,36634,38771,31360,21038,70975,53813,34781,84332,37991,89522,22532,9410,62889,20609,11701,84887,35509,74820,0,31924,54279,16574,16780,36022,30767,45563,31449,24171,36938,18465,13598,29674,54485,6603,5703,23921,29452,45724,21170,48866,68916,24297,63633,29466,20759,89202,25453,41863,11898,45595,46856,8645,67623,38502,34802
30,30057,51376,52238,82691,51044,96353,25862,31910,60524,42962,69868,31897,70024,17149,41306,63224,74339,46231,97070,56277,90261,51618,36257,72736,49243,34840,89389,29306,91198,31924,0,57232,36910,37855,67928,49056,58693,55027,30570,58356,49585,39264,25926,64858,31222,37628,47641,35044,38920,52791,71572,85836,13248,68525,43942,45635,106013,45794,57946,43792,47406,76574,23697,80304,51611,61656
31,68203,16789,33451,136789,61663,47489,37772,48679,5954,63609,25795,25367,64238,71353,35648,118376,36483,20686,42255,27578,141667,48697,63599,18402,71863,43146,32408,81667,40997,54279,57232,0,70737,38744,72131,29194,18124,37393,74977,33390,54280,43734,31727,14280,60392,55689,38313,25610,20565,65795,39653,37505,63542,11320,26368,74379,54406,33590,23492,56915,9914,61005,55536,27532,19908,45510
32,7060,56847,46356,71950,23992,93248,34225,22211,70966,13603,69742,51515,45264,27832,37328,57358,68473,51352,100256,53823,73438,34648,8003,79328,14565,28206,101458,25850,90158,16574,36910,70737,0,33206,37930,46886,61929,46105,12683,52019,28290,29371,44094,70956,10375,17182,39155,45572,60711,22952,62890,84227,24629,80202,45999,8996,104229,41474,57953,20576,61843,55691,17078,83733,54978,47403
33,32440,23740,15383,103539,24339,62634,13293,11335,38168,24865,37441,26687,35733,43824,4400,86938,38599,18435,67698,21644,106296,16001,25513,46131,33167,5120,68397,50559,58656,16780,37855,38744,33206,0,38559,14178,28783,17383,40432,21701,18113,5229,22114,37749,23366,17036,9796,16522,34647,28228,34623,52811,35690,47377,12881,35764,73249,9168,25214,18472,31040,39747,21612,50906,21771,23899
34,43771,55342,38722,102809,16896,72747,50161,37221,69254,25968,57496,65242,12384,64428,39182,91872,50392,52240,85045,45505,100045,23879,33509,71483,23869,37539,95167,63766,72236,36022,67928,72131,37930,38559,0,43008,55979,35067,50611,40295,20571,33834,60323,64847,37660,30327,34328,54784,72916,15584,43488,66808,58929,77348,47087,30878,83568,39299,50287,24274,66963,24118,44324,71629,52233,28666
35,46566,12441,5119,117697,33046,48728,23204,25470,26929,36898,23262,27949,36037,57272,9790,101097,25376,9604,53571,7593,120232,19523,38990,32768,44529,19273,55835,64606,44543,30767,49056,29194,46886,14178,43008,0,15316,9517,54605,9684,25460,17529,27151,24641,37369,29999,9324,17382,32951,37208,22715,38733,49020,35730,6243,48319,59207,5438,11097,29418,24387,35545,35688,36875,9498,18502
36,61102,7414,17844,131992,47938,37859,34140,40068,13720,52215,11533,30594,47019,69512,24601,114832,19891,12554,39495,10475,135067,33773,54114,17468,59791,33876,40618,77998,32507,45563,58693,18124,61929,28783,55979,15316,0,20957,68889,15920,40278,32705,33501,9371,52143,45226,24350,23678,31239,52084,21841,27256,61246,21371,16487,63631,47320,20724,5741,44706,18872,42976,49488,22493,7420,28131
37,47222,20765,4401,117968,27994,47166,29538,27073,34208,34270,24736,37130,26947,60937,13728,102384,22438,19015,54942,10494,119326,13425,38116,37266,40831,21563,60966,66785,44135,31449,55027,37393,46105,17383,35067,9517,20957,0,55572,6197,20429,18063,35482,30031,37770,28966,7786,26289,42459,32025,17524,38204,52908,42323,15471,45740,58125,9580,15337,26430,33629,26064,38133,39268,17570,8986
38,8397,62948,55053,63129,36319,102551,37212,29154,76157,25818,77860,52836,57715,17164,44814,46813,77971,57253,108105,61989,66743,45456,18862,85875,27066,35333,106807,13170,98926,24171,30570,74977,12683,40432,50611,54605,68889,55572,0,61109,39719,37759,45241,77419,17823,27140,48092,49371,61806,35575,72893,93036,17325,85274,52442,20687,113359,49423,65639,31892,65450,67806,19612,91246,61593,58165
39,52815,17522,6321,123762,34156,41446,32518,32229,29570,40405,18547,37198,31103,65522,17524,107906,16969,17500,48762,5838,125345,19579,44016,31411,47029,26374,55147,71972,38140,36938,58356,33390,52019,21701,40295,9684,15920,6197,61109,0,26617,23365,36816,24554,43382,34840,13021,26929,41292,38162,13215,32208,57367,37168,15795,51893,52314,12742,10181,32571,31090,27963,43109,33089,14410,12221
40,31488,37771,22507,99842,7665,66256,29681,17751,52380,15016,45163,44782,20461,49642,19354,85647,41611,33680,75230,30289,100089,7120,20889,57318,20517,17041,80849,52332,63920,18465,49585,54280,28290,18113,20571,25460,40278,20429,39719,26617,0,13267,39753,49629,22770,13308,16136,34549,52709,11805,35459,58035,42760,61170,28124,25990,77341,20691,35075,7828,47897,28581,27079,59698,34946,19378
41,29504,28278,17305,100595,19152,64794,16704,9023,42879,19961,40451,31594,32061,43140,8288,84543,40286,23217,70933,24509,102771,12593,21460,50166,28130,4466,72832,48728,61232,13598,39264,43734,29371,5229,33834,17529,32705,18063,37759,23365,13267,0,26503,41890,20121,12527,10381,21683,39752,23009,35581,55324,35285,52039,17545,31116,75605,12105,28582,13282,36224,37363,20128,54361,26036,22787
42,39771,26087,31610,105502,44880,71360,10796,25275,34653,41774,44956,7601,57776,39678,23134,86810,50971,21543,71198,33239,111173,38076,38641,46817,50171,22910,64118,50362,65888,29674,25926,31727,44094,22114,60323,27151,33501,35482,45241,36816,39753,26503,0,39021,34105,33647,29872,10211,16714,48278,49562,60751,32038,42903,21055,50172,80618,26034,33757,37863,21814,60720,27169,54526,26904,43880
43,69810,14504,27153,140399,57291,34115,41597,48921,8359,61525,11810,34552,55338,76902,33692,122894,22859,20218,32221,19564,143862,43058,63212,8455,69150,42785,31246,85971,27924,54485,64858,14280,70956,37749,64847,24641,9371,30031,77419,24554,49629,41890,39021,0,61024,54417,33721,30107,32644,61433,27081,23750,68710,12905,25069,72909,42190,30014,14705,54054,19915,50115,57873,15540,15983,36535
44,9452,46773,37416,80473,21278,84826,23969,12104,60734,11887,60510,41412,42268,27242,27639,64619,60190,41209,90932,44575,82930,27903,5193,69441,18255,18267,91294,29764,81351,6603,31222,60392,10375,23366,37660,37369,52143,37770,17823,43382,22770,20121,34105,61024,0,9588,30363,35199,50597,22123,55070,75440,21269,69965,35975,16316,95685,32048,48466,15183,51468,51328,8114,74225,45047,40501
45,18755,40699,29194,89006,13430,76131,22851,8371,55199,8281,52619,40177,33319,36352,20764,73748,51379,35469,83141,36735,90589,18352,9179,62690,16798,12608,85316,39342,72978,5703,37628,55689,17182,17036,30327,29999,45226,28966,27140,34840,13308,12527,33647,54417,9588,0,21983,31894,49068,15652,45971,67047,29652,64399,29876,18728,87087,24560,40984,6230,47569,41886,14227,66718,38541,31026
46,39793,21676,7220,110773,23728,54468,22601,19344,36246,28172,30681,32804,28779,53152,6835,94895,29908,17965,61195,14926,112572,10492,31155,41648,35485,13777,64967,59094,51061,23921,47641,38313,39155,9796,34328,9324,24350,7786,48092,13021,16136,10381,29872,33721,30363,21983,0,21822,39397,27890,25291,45137,45135,45046,12776,39683,65325,4980,19465,20485,32636,30866,30367,44932,18812,14341
47,42653,16332,22153,111494,40836,61475,12194,24059,27123,40147,34999,10997,50541,46917,15736,93424,40760,11409,62284,23078,116083,31329,38863,38282,48651,19476,57603,56531,56183,29452,35044,25610,45572,16522,54784,17382,23678,26289,49371,26929,34549,21683,10211,30107,35199,31894,21822,0,18162,44665,39464,50903,38808,36055,11153,50093,70983,17318,23573,34630,16297,52126,29941,45389,16807,35048
48,56485,25007,38069,120895,58882,66759,26723,40827,25575,57338,42159,9196,68150,54678,33766,101779,51060,23814,62792,36070,127221,49316,54935,38620,65842,37139,51160,66019,60526,45724,38920,20565,60711,34647,72916,32951,31239,42459,61806,41292,52709,39752,16714,32644,50597,49068,39397,18162,0,62632,51911,56340,47633,31544,27143,66437,74487,34570,34257,52434,12809,68493,43864,47515,27521,51445
49,28355,49436,34301,91662,4162,76613,37598,23508,64092,10385,56683,54177,22523,48863,30369,78985,52315,45121,86457,42058,90690,18601,17936,69090,10573,25587,92648,48738,74747,21170,52791,65795,22952,28228,15584,37208,52084,32025,35575,38162,11805,23009,48278,61433,22123,15652,27890,44665,62632,0,45825,68929,43380,72937,39477,17387,87701,32292,46860,10423,58973,33593,29095,71234,46670,29460
50,64510,26927,19412,134838,42259,30835,45731,44596,34489,50292,16209,49123,31954,78385,30594,119665,6907,28944,41585,16449,135528,28498,54987,30963,55751,39036,53551,84283,29106,48866,71572,39653,62890,34623,43488,22715,21841,17524,72893,13215,35459,35581,49562,27081,55070,45971,25291,39464,51911,45825,0,23456,70299,39722,28543,61448,41929,25885,17688,42567,40289,24006,55655,28793,24446,16365
51,84826,34665,38024,155900,65198,10625,60752,63921,31613,72417,15986,57407,54972,95777,48414,139717,16674,39606,18311,31176,157529,50924,76224,20149,78537,57818,35347,103335,5932,68916,85836,37505,84227,52811,66808,38733,27256,38204,93036,32208,58035,55324,60751,23750,75440,67047,45137,50903,56340,68929,23456,0,87495,30895,42437,83825,20487,43680,28239,64580,43552,45499,74402,11812,34227,39596
52,17583,54396,51046,73475,42443,97686,27154,26519,65820,33063,71626,39281,62972,8285,39856,54834,74169,48786,100643,56600,79632,46413,25704,77009,38087,31373,95935,18397,93171,24297,13248,63542,24629,35690,58929,49020,61246,52908,17325,57367,42760,35285,32038,68710,21269,29652,45135,38808,47633,43380,70299,87495,0,74513,45116,33586,107968,44676,59267,35816,53658,71086,15754,83636,53844,57993
53,78188,23781,39032,147537,68774,39796,48237,57994,9236,71983,23785,36681,68138,82418,43758,129315,34874,28949,31966,31847,152018,54924,72768,10812,79961,52135,21551,92501,33114,63633,68525,11320,80202,47377,77348,35730,21371,42323,85274,37168,61170,52039,42903,12905,69965,64399,45046,36055,31544,72937,39722,30895,74513,0,34527,83113,45226,40803,27067,64841,21131,63001,65700,19474,26314,49283
54,44750,10863,11173,115522,35366,52762,18366,23873,25343,37507,26517,21734,41175,53401,9318,98360,30486,5700,55938,12439,118794,23215,38378,33509,45620,17793,55520,61560,48066,29466,43942,26368,45999,12881,47087,6243,16487,15471,52442,15795,28124,17545,21055,25069,35975,29876,12776,11153,27143,39477,28543,42437,45116,34527,0,48585,62880,7795,14207,30588,19907,41523,33002,38960,9151,24412
55,16050,59382,46836,74414,19791,92231,39716,26034,73920,11520,70233,57306,39781,36713,39402,61648,67535,54195,100644,54609,74116,33000,11530,81088,7080,31235,103942,33517,89737,20759,45635,74379,8996,35764,30878,48319,63631,45740,20687,51893,25990,31116,50172,72909,16316,18728,39683,50093,66437,17387,61448,83825,33586,83113,48585,0,103310,42907,59092,19326,66067,50980,24236,84594,57139,45304
56,105103,54655,58305,176068,84184,11093,81152,84296,48950,92041,36370,76690,71275,116251,68857,160099,35816,59822,15204,51636,177298,70310,96242,36006,97681,78229,39218,123795,14839,89202,106013,54406,104229,73249,83568,59207,47320,58125,113359,52314,77341,75605,80618,42190,95685,87087,65325,70983,74487,87701,41929,20487,107968,45226,62880,103310,0,64099,48701,84244,61976,60389,94854,26973,54492,58268
57,41310,17151,6473,112458,28139,53466,20091,20271,31840,31512,28472,28309,33583,52864,4831,96040,29503,13072,58890,12565,114852,15439,33564,38188,39241,14138,61153,59724,49543,25453,45794,33590,41474,9168,39299,5438,20724,9580,49423,12742,20691,12105,26034,30014,32048,24560,4980,17318,34570,32292,25885,43680,44676,40803,7795,42907,64099,0,16480,24112,27670,34862,30778,42263,14493,17872
58,57642,9250,12570,128753,42739,38560,32559,36538,19410,47601,12390,32117,41283,67550,20855,112012,17392,12237,42487,4858,131324,28395,50033,22254,54928,30328,45803,75380,33909,41863,57946,23492,57953,25214,50287,11097,5741,15337,65639,10181,35075,28582,33757,14705,48466,40984,19465,23573,34257,46860,17688,28239,59267,27067,14207,59092,48701,16480,0,39949,22672,37515,46553,25784,7069,22397
59,23682,41077,27569,92363,7455,73194,27174,13207,55774,7840,50917,43860,27194,42329,21275,77899,48429,36288,81317,35379,93054,14128,13064,62094,15131,15299,85249,44551,70502,11898,43792,56915,20576,18472,24274,29418,44706,26430,31892,32571,7828,13282,37863,54054,15183,6230,20485,34630,52434,10423,42567,64580,35816,64841,30588,19326,84244,24112,39949,0,49504,36198,20458,65312,38577,26846
60,58914,13675,29304,126972,54930,54006,28264,40092,13495,55699,29443,15656,60420,61444,28626,108492,38759,14824,50893,25416,132046,43109,54994,26429,64117,34964,42317,71829,47838,45595,47406,9914,61843,31040,66963,24387,18872,33629,65450,31090,47897,36224,21814,19915,51468,47569,32636,16297,12809,58973,40289,43552,53658,21131,19907,66067,61976,27670,22672,49504,0,58999,46163,35061,16689,42423
61,59779,45484,30433,125093,31731,49903,53034,45002,56606,42107,40074,63071,11928,78176,37675,112528,30452,44840,63742,33761,123341,24981,48989,54852,44084,41823,77539,80675,50388,46856,76574,61005,55691,39747,24118,35545,42976,26064,67806,27963,28581,37363,60720,50115,51328,41886,30866,52126,68493,33593,24006,45499,71086,63001,41523,50980,60389,34862,37515,36198,58999,0,55333,52613,42355,17115
62,12795,43382,36844,82541,27496,84244,17935,11122,56562,19363,58896,34685,47417,23176,25997,65460,60074,37677,88874,43226,86330,30703,13301,66327,26322,16737,87220,28946,80229,8645,23697,55536,17078,21612,44324,35688,49488,38133,19612,43109,27079,20128,27169,57873,8114,14227,30367,29941,43864,29095,55655,74402,15754,65700,33002,24236,94854,30778,46553,20458,46163,55333,0,71935,42135,42531
63,83342,29267,37758,154374,67244,20356,56485,62242,21984,73075,14551,50050,60569,91881,46589,137319,22161,34850,17014,30019,157108,52667,75799,9191,80036,56027,25208,100492,13697,67623,80304,27532,83733,50906,71629,36875,22493,39268,91246,33089,59698,54361,54526,15540,74225,66718,44932,45389,47515,71234,28793,11812,83636,19474,38960,84594,26973,42263,25784,65312,35061,52613,71935,0,29908,43145
64,53888,3202,13544,124666,42508,44748,26769,32945,17434,45855,18258,25047,44508,62115,17779,107432,24457,5406,46914,8744,127917,28978,47259,24394,53708,26802,46802,70585,39655,38502,51611,19908,54978,21771,52233,9498,7420,17570,61593,14410,34946,26036,26904,15983,45047,38541,18812,16807,27521,46670,24446,34227,53844,26314,9151,57139,54492,14493,7069,38577,16689,42355,42135,29908,0,26034
65,49781,29230,13383,119178,25922,47175,36933,31493,41792,34373,28861,45970,18889,65700,21146,104631,22928,27947,57427,17948,119421,12770,39687,42856,39442,27006,66510,70209,45358,34802,61656,45510,47403,23899,28666,18502,28131,8986,58165,12221,19378,22787,43880,36535,40501,31026,14341,35048,51445,29460,16365,39596,57993,49283,24412,45304,58268,17872,22397,26846,42423,17115,42531,43145,26034,0
