0,0,1,2,3,4,5,6,7,8,9,10,11,12,13,14,15,16,17,18,19,20,21,22,23,24,25,26,27,28,29,30,31,32,33,34,35,36,37,38,39,40,41,42,43,44,45,46,47,48,49,50,51,52,53,54,55,56,57,58,59,60,61,62,63,64,65,66,67,68,69,70,71,72,73,74,75,76,77,78,79,80,81,82,83,84,85,86,87,88,89,90,91,92,93,94,95,96,97,98
0,0,46928,72923,74638,29010,31736,90913,28378,45189,58496,41603,14854,47557,68711,10285,72048,60706,36811,74023,80821,27706,20042,100076,40223,61030,6842,101975,83773,42107,20444,38207,51497,64069,71116,48284,17849,15273,103986,66639,53856,41047,62914,30751,8681,56166,47330,37520,80844,73688,34651,36667,62201,46753,72975,53073,17302,33481,13231,72707,12054,88771,30538,115391,19101,47632,44628,62068,54981,45691,26206,66790,41601,83691,68861,11361,45725,26351,41676,51767,27620,24107,34355,95852,73176,43333,48816,56345,45200,21729,32349,32033,51678,6102,24301,59395,55931,55268,56959,4363
1,46928,0,117924,28524,18429,23077,47440,64455,32012,12825,33700,33490,11104,27527,46388,28128,102889,20705,120630,33928,48320,34864,53658,6736,14423,48125,55781,38891,6166,28364,42292,9385,31440,24453,17974,29953,54498,59394,20098,35857,51899,24123,57078,38357,10134,8115,10393,35622,119817,17484,11156,15354,17321,27255,10876,29979,26881,43060,117023,36924,43712,16398,73627,35546,5787,38555,23002,9199,25521,20839,23292,16313,36940,26006,37777,3662,25280,9325,29975,20772,23738,12667,51622,31367,7096,6384,9442,24956,37345,44575,15844,6046,48517,31176,36137,11683,24968,99045,43282
2,72923,117924,0,143290,99512,104578,163654,55824,102393,127794,112372,84531,120227,141547,71536,138792,19720,101929,16047,150794,74809,91881,171573,111253,132346,74997,169646,156139,113975,89562,105845,120130,124763,140722,113213,90671,63502,176540,138022,124920,81765,127600,67019,80602,127787,119704,109590,148107,9675,107535,106871,132488,119677,144929,125455,88291,96038,82952,4438,84865,161105,102118,188315,82974,117123,114113,134956,124666,106828,97350,139321,107773,154742,135151,80262,117443,99248,114104,110536,97198,94196,105358,168469,138166,112829,120895,127276,117675,92375,98679,102113,123315,69824,96521,115603,124707,117416,22563,75634
3,74638,28524,143290,0,45628,50849,35644,88045,44993,16152,58106,60369,34101,29883,72504,8026,126866,41428,147367,9297,69837,63319,31848,34842,17829,76416,27373,26308,34420,54838,68013,23368,27610,5186,30739,58300,80044,42524,15268,55154,68589,19053,78528,65960,22384,32155,38890,7886,146051,45363,37974,13729,39834,18598,28392,57360,47563,71581,141942,65288,28882,44524,60369,60435,27008,62169,32054,19732,38692,48484,24629,35553,16324,11082,64564,30945,53681,36664,38094,47231,50644,40465,37018,13342,31328,29648,20080,47864,65645,71590,42621,25819,75412,59445,38629,18813,29677,123079,70717
4,29010,18429,99512,45628,0,17304,65021,46667,26607,29489,32425,15073,22656,43744,27979,43286,84730,13043,102294,52002,32211,21962,72085,11740,32839,31234,72969,56914,14896,10003,37036,22570,38455,42179,21611,13895,36154,77425,38516,40466,39109,35145,40582,20332,28305,21203,11222,51915,101405,14568,7665,33400,25149,45485,26717,11749,15450,27869,98659,20565,61821,4183,90776,17815,18623,37436,37875,25997,23058,3171,40526,14975,55351,40269,19358,18109,14925,16197,29582,3060,5316,5889,69501,44913,14339,21827,27837,28631,25348,36228,3101,23863,30143,20328,37531,26946,29720,80883,25128
5,31736,23077,104578,50849,17304,0,59969,56768,43721,35816,15161,24193,17952,37689,36064,51182,92217,29927,104733,54651,46226,13733,71045,18648,34062,30087,77511,53666,16912,22490,20530,31634,52075,46248,35730,14716,44270,73316,39063,24597,55255,46360,53620,25045,29013,19018,13295,58309,104899,5593,19477,37147,15346,43945,24102,20244,32723,23027,104436,19718,58644,13639,83808,30738,27200,20136,30889,32246,39454,15751,36696,30121,55777,49065,27466,20050,5469,14195,45728,19823,19211,16312,65129,54384,24479,21341,30777,13920,15185,21626,18650,25085,35783,9148,53406,34705,44017,88428,29645
6,90913,47440,163654,35644,65021,59969,0,111650,75782,42479,57919,79495,43426,22286,92613,43631,149664,67448,164626,27375,95735,73579,18212,53578,33940,90019,40134,9632,50146,74968,68067,49447,62554,33334,60139,73070,100947,13539,28936,48106,98165,53174,104510,83051,37344,44080,54281,39560,164574,56300,58436,36554,44628,21066,38385,75569,73863,82922,163130,79265,7213,61889,26425,82710,50384,59471,29081,43976,68921,66735,24503,62096,20086,46234,83682,46955,64965,49608,70471,67735,70240,59156,5535,48961,53971,43195,39219,48960,74301,74266,62891,41485,93856,68858,72875,45836,62400,145818,88023
7,28378,64455,55824,88045,46667,56768,111650,0,46679,73024,68931,33042,69030,90354,20781,83169,38834,46637,62693,95962,19027,47553,117489,58097,78714,34398,113999,103335,61563,36841,66497,65270,69021,85857,57607,42095,13170,123847,84323,80675,28317,71829,12175,32041,74575,67828,57681,92501,60004,57914,53319,78112,70186,91700,73384,37144,40507,41609,54099,38879,108168,50061,137435,28946,62721,72432,84283,70146,51008,45239,87174,52522,100492,79490,29349,64695,51370,62578,54811,43915,41541,52505,116025,82372,58583,68482,73456,70688,49773,60726,48771,70259,22505,51183,60284,69792,61592,35036,28232
8,45189,32012,102393,44993,26607,43721,75782,46679,0,33314,58617,31590,42226,58662,37902,38601,84508,13833,109059,53964,27655,47165,76580,29414,42298,50381,68730,66329,33929,27271,63634,26583,22370,44386,15657,37849,42805,85758,46877,65037,23628,26625,35499,38138,40299,39500,33498,47751,106639,40008,25643,39233,47321,54729,42846,31721,12504,50406,100428,42638,70480,30083,102144,26126,26969,63705,54882,32006,6881,28935,53646,15855,59982,34842,33998,34718,41468,37267,8142,24679,26947,28093,78907,36660,25083,38320,37363,53116,50737,62429,25096,37528,42558,46505,14486,29945,15741,80867,40883
9,58496,12825,127794,16152,29489,35816,42479,73024,33314,0,45207,44312,20975,27369,56645,15387,111835,26570,131455,23005,55412,47639,44662,18794,10009,60297,43521,33017,18957,38826,54422,7762,23766,12929,17706,42215,64363,52685,13666,45022,56081,14508,64221,49822,10949,18363,23182,22879,130281,30230,21829,5927,27388,21458,16772,41231,32971,55647,126599,49200,37237,28412,68830,44820,10895,49780,25841,3662,26469,32332,21774,20755,27662,13676,48535,15809,38089,21750,28245,31176,34550,24328,45638,19155,15238,15760,7166,35568,50166,57163,26502,12086,59389,44001,31928,3424,20644,108019,54600
10,41603,33700,112372,58106,32425,15161,57919,68931,58617,45207,0,37874,24337,36972,48236,60280,101949,44784,110517,59700,60456,21580,72044,31407,40291,37751,82903,53784,28143,37143,10466,43041,64755,53045,49241,27622,55913,71432,44017,12548,70167,57823,67308,36968,35834,26844,26181,65952,111502,18731,33559,44705,18275,46557,29720,34259,47866,29614,112756,30097,58448,28607,78802,45045,38944,5117,30540,42049,53957,30896,38299,44301,58945,58883,40439,30091,19147,24519,60010,34985,34248,30686,63411,64362,37281,29448,38774,10371,20200,16365,33536,33197,46774,17758,67429,45066,57317,98270,40774
11,14854,33490,84531,60369,15073,24193,79495,33042,31590,44312,37874,0,36305,57749,13118,57401,70200,22020,87247,67013,22677,18876,87130,26774,47880,18968,87604,71678,29482,5628,38396,37057,49351,57121,33432,10316,21465,92144,53553,48681,33717,48070,29516,6667,43261,35415,25215,66316,86332,24879,22645,48439,37146,60398,41120,4101,19311,19211,83774,11773,76623,17637,104871,7783,33419,42136,51479,40908,31233,12827,55019,26750,70423,54144,4286,32915,19047,29943,37517,13139,9810,20853,84140,58372,29074,36430,42909,38003,22250,34756,17879,38784,15098,20718,45344,41569,40514,66357,10600
12,47557,11104,120227,34101,22656,17952,43426,69030,42226,20975,24337,36305,0,21451,49382,35943,106483,29660,121474,36950,54764,31549,53249,13150,16553,47156,60022,36288,8596,32202,33957,20157,42281,29187,28972,29710,57757,56428,21217,24857,60294,34344,63222,39624,11721,2998,11437,41861,121246,13257,17867,20490,6490,26065,6172,32297,35162,40684,119726,36129,41291,18984,68565,40405,16892,28816,15261,18034,36049,23790,19258,26375,37825,34627,40412,7698,22197,6472,40899,25637,27542,17204,48300,40111,17271,5338,14441,14605,33130,37582,21270,8896,50440,27081,47229,21235,36067,102643,44597
13,68711,27527,141547,29883,43744,37689,22286,90354,58662,27369,36972,57749,21451,0,70833,36028,127934,48226,142345,26817,75380,51329,35078,32852,17359,67733,48684,16816,28914,53516,47394,32340,50841,25119,43331,50890,79206,35646,15481,29262,79418,41245,84016,60977,18364,22541,32676,37079,142333,34065,37824,22226,22359,12111,17168,53748,54393,60668,141114,57003,21559,40307,47126,61559,31791,39386,6837,27236,51859,45147,5731,43528,23526,36955,61864,26146,42683,27823,54940,46613,48813,38005,27458,41580,34558,22191,21523,27307,52158,53068,41939,21531,71830,46619,59257,30083,47859,124094,65924
14,10285,46388,71536,72504,27979,36064,92613,20781,37902,56645,48236,13118,49382,70833,0,68893,57101,32138,74864,79549,17478,27069,100042,39719,60809,17120,99494,84773,42580,18031,46481,49144,58441,69552,43880,21356,8386,105249,66486,59897,30921,58715,20774,11278,56273,48533,38333,78023,73647,37567,35361,61084,49916,73439,54238,17085,27442,22492,70699,18356,89709,30748,117943,12579,45826,51892,64508,53374,39668,25922,68137,37633,83246,65455,8975,45980,30637,43047,45196,25694,22662,33837,97254,69259,41492,49535,55753,49979,29597,41289,30593,51813,5070,30477,52375,53716,49917,53261,8109
15,72048,28128,138792,8026,43286,51182,43631,83169,38601,15387,60280,57401,35943,36028,68893,0,121855,37008,143610,17126,64569,62715,39296,33644,21231,74501,30853,34227,34289,51780,69702,20785,19789,11188,25581,56682,76050,50426,20630,58913,62209,12014,73100,63393,24736,33523,38373,9334,141992,45592,35850,16019,42175,25644,30955,54782,42754,70399,137248,63613,36905,42908,68364,56507,25061,64700,37063,18938,32722,46333,30451,31300,24312,3762,61457,31197,53264,37138,31237,44429,47950,38734,45040,5634,29080,30913,21520,50374,65363,72549,40192,27104,72204,59232,30995,16763,22928,118108,67947
16,60706,102889,19720,126866,84730,92217,149664,38834,84508,111835,101949,70200,106483,127934,57101,121855,0,85471,32834,134789,57316,80603,156210,96377,117250,64249,152632,141641,99541,74739,96855,104087,106822,124684,96344,77704,48735,162154,122894,114378,62954,110352,49022,67342,112950,105600,95393,131189,27522,94424,91733,116857,106767,130131,111278,74186,79308,72405,16575,72725,146533,87776,175038,67380,101446,104421,121582,108911,89408,82928,125166,91356,139234,118151,66071,102839,86759,100143,92624,82155,79462,90619,154224,120810,97257,106502,112040,105869,81759,89992,87073,108557,56478,84990,97215,108618,99880,3847,62588
17,36811,20705,101929,41428,13043,29927,67448,46637,13833,26570,44784,22020,29660,48226,32138,37008,85471,0,106628,49371,28851,34539,71227,16517,33543,40768,67815,58438,21096,16636,50018,18822,27354,39276,11743,25646,39055,78680,38862,51451,31193,26578,37670,28611,30328,27200,19963,46266,104986,26190,12161,31978,34173,46615,31427,20713,6459,39159,100524,31419,63020,16289,93822,19605,17070,49873,43550,24006,10141,15702,43808,5885,54219,33467,25568,22640,27966,24118,16719,11648,14618,14328,71238,37124,13684,26532,28237,39494,38035,49238,11279,26701,35872,33308,24729,23253,18500,81674,32482
18,74023,120630,16047,147367,102294,104733,164626,62693,109059,131455,110517,87247,121474,142345,74864,143610,32834,106628,0,154256,81513,91352,174062,113894,134909,74645,174319,157749,116077,92646,102860,124002,131226,144327,118254,91802,67573,177845,140552,122934,90357,132978,74666,82370,130115,121346,111519,152809,6408,108371,109892,135686,120070,146996,127082,90650,101202,82069,20461,85387,162750,104362,188318,87109,120592,111560,135589,128117,112732,99792,140733,112311,157548,140094,82981,119669,99662,115692,117125,100325,97057,107963,169681,143591,116245,122832,130072,117012,91220,95621,105125,125619,72153,96089,122923,128570,123339,34522,77396
19,80821,33928,150794,9297,52002,54651,27375,95962,53964,23005,59700,67013,36950,26817,79549,17126,134789,49371,154256,0,78089,67809,22651,40602,20601,81986,23217,18617,39256,61622,69987,30718,36864,10105,39268,63820,87340,33300,15810,54805,77486,28327,86850,72209,25671,35636,43891,12280,153195,49426,44372,18622,41811,14712,30817,63723,55674,76518,149603,70761,20323,50321,51312,67820,33724,63246,30831,26175,47512,54643,22658,43495,7378,20367,71274,35615,58165,40815,47261,53937,57205,46471,28146,22004,38056,33405,24612,49329,69781,74331,49134,29865,82111,63615,47924,26172,38844,130979,77090
20,27706,48320,74809,69837,32211,46226,95735,19027,27655,55412,60456,22677,54764,75380,17478,64569,57316,28851,81513,78089,0,41180,100074,42531,62073,34493,95318,86969,46567,23842,60893,47672,49994,68025,39147,32991,17788,107346,67530,70817,13538,53038,8827,25682,58391,53034,43388,73900,78992,45714,37563,60813,57246,75175,58212,26201,22445,38886,72965,33025,91651,36195,121945,15489,45676,64799,69855,52829,32114,31806,71565,34663,83069,60853,21041,49242,41411,48352,35784,29174,27895,37579,99763,63520,41823,53189,56750,59603,44322,56686,33544,54331,22362,43383,41422,52072,42649,53595,24755
21,20042,34864,91881,63319,21962,13733,73579,47553,47165,47639,21580,18876,31549,51329,27069,62715,80603,34539,91352,67809,41180,0,84748,29087,47228,16899,90377,67397,28900,20645,19744,42222,60321,58981,43460,9464,34449,86974,52433,33824,52592,56207,47044,16021,42154,32294,24471,70485,91748,18445,27784,49800,28972,57606,37637,16463,34802,9343,91989,8714,72373,20476,96979,26652,37788,24879,44505,43980,44681,18958,50429,36921,69307,60184,20215,32422,9662,26994,51258,22891,20231,24538,78786,65255,34174,34413,43465,25819,3587,15958,24694,37969,25233,4740,59265,45956,51651,76887,19321
22,100076,53658,171573,31848,72085,71045,18212,117489,76580,44662,72044,87130,53249,35078,100042,39296,156210,71227,174062,22651,100074,84748,0,60356,39250,100288,24082,18311,57985,82012,82473,52405,59051,32305,61675,82442,108105,13713,33576,63742,100047,50893,108884,91694,43955,52931,62556,31966,173414,66496,64708,39380,56284,27217,47297,83523,77633,93930,170617,89140,14048,69730,32022,88874,54771,74389,41585,47359,70063,74385,34477,65416,17014,42778,91416,54396,75443,58558,69908,74379,77396,66277,14191,43479,58955,51278,44300,62222,86081,88052,69460,48452,102097,80189,70291,48017,61490,152377,96676
23,40223,6736,111253,34842,11740,18648,53578,58097,29414,18794,31407,26774,13150,32852,39719,33644,96377,16517,113894,40602,42531,29087,60356,0,21106,41598,62192,45278,4581,21722,38878,13222,33592,30995,17865,23459,47876,65797,26782,35913,47251,27753,51193,31634,16585,10818,5398,41656,113091,13302,4975,21989,17908,33772,15687,23243,22076,36866,110392,30447,50156,9739,79564,29150,8753,36475,27540,15146,23622,14104,29167,13739,43671,31109,31061,6713,19762,7881,29119,14225,17057,5933,57932,36245,5921,10660,16178,24182,31839,40231,9328,12182,41785,25800,36200,16880,25913,92531,36552
24,61030,14423,132346,17829,32839,34062,33940,78714,42298,10009,40291,47880,16553,17359,60809,21231,117250,33543,134909,20601,62073,47228,39250,21106,0,61739,43512,24913,18984,42787,50275,15720,33611,12757,26684,43644,68918,45284,5676,37759,64255,24119,70888,52552,5074,15044,23626,25700,134180,28827,25539,5396,22031,13103,10617,44295,39981,56016,131444,50510,29583,30547,60353,49874,16475,44343,16342,10302,35419,35151,11787,28157,22660,21072,52165,15335,37599,20247,37900,35187,38153,27028,37715,26285,20265,12814,5323,30035,49180,54130,30260,9416,62863,43014,41917,12834,30567,113408,57515
25,6842,48125,74997,76416,31234,30087,90019,34398,50381,60297,37751,18968,47156,67733,17120,74501,64249,40768,74645,81986,34493,16899,100288,41598,61739,0,103782,83407,42781,24133,33041,53738,68114,72566,51820,18173,21560,103307,67222,50248,47760,66110,37537,12307,56740,47362,38133,83006,74895,33923,38677,63476,45427,73072,52998,20209,38251,8156,75168,11232,88407,31892,113786,24698,49616,40202,60957,56686,50189,28168,66367,45031,84289,71502,16481,46436,25081,41760,56485,30459,26930,35974,95127,76094,45450,49137,57374,42718,17555,26684,34335,52322,12793,21584,64294,58004,59246,60603,10122
26,101975,55781,169646,27373,72969,77511,40134,113999,68730,43521,82903,87604,60022,48684,99494,30853,152632,67815,174319,23217,95318,90377,24082,62192,43512,103782,0,35347,61527,82033,93203,50546,47449,31402,56433,85650,106807,37649,39006,77539,92068,42317,103761,93294,48518,58521,66077,21551,172795,72159,65326,40584,65020,37027,53936,84682,73607,98820,168089,92638,33646,71890,55394,87220,54346,86376,53551,47104,63289,75849,45337,62048,25208,34509,91761,57962,80715,63467,60907,74484,77932,67838,37521,32074,58643,56172,46912,72535,92535,97507,69943,52475,102587,86341,58616,46057,53021,148899,98017
27,83773,38891,156139,26308,56914,53666,9632,103335,66329,33017,53784,71678,36288,16816,84773,34227,141641,58438,157749,18617,86969,67397,18311,45278,24913,83407,35347,0,42196,66914,64195,40156,52960,23743,50715,65952,93036,20518,19641,45499,88914,43552,95777,75654,28761,36481,46549,30895,157434,49484,50015,27107,38567,11823,30725,67856,64884,76683,155452,72417,5002,54047,35816,74402,41380,56077,23456,34703,59486,58854,17041,52962,11812,36708,75921,38814,58357,42121,60890,59502,62199,51025,12802,39650,45146,35253,30235,44081,68488,69874,54601,33096,86333,62751,63243,36402,52789,137794,80650
28,42107,6166,113975,34420,14896,16912,50146,61563,33929,18957,28143,29482,8596,28914,42580,34289,99541,21096,116077,39256,46567,28900,57985,4581,18984,42781,61527,42196,0,24821,36347,15058,36620,30126,21690,24662,50865,62670,24547,31694,51720,29910,55142,33714,14061,6473,4647,41661,115495,11319,9296,20945,13448,30996,11823,25687,26571,37324,113256,31549,47143,11857,75888,32681,10819,33117,23302,15353,28001,16658,25644,18163,41619,32160,33729,3655,19262,3708,33280,17708,20093,9093,54692,37501,9555,6961,14676,20166,31274,38438,13041,9583,44227,25088,40112,17812,29437,95694,38702
29,20444,28364,89562,54838,10003,22490,74968,36841,27271,38826,37143,5628,32202,53516,18031,51780,74739,16636,92646,61622,23842,20645,82012,21722,42787,24133,82033,66914,24821,0,39198,31496,43988,51680,27883,11199,26155,87421,48463,47033,33084,42469,31662,12017,38300,31005,20840,60715,91605,21948,17336,43099,33814,55485,36610,4453,14774,23155,88671,15372,71823,13221,100615,8486,27948,41762,47462,35470,26188,8424,50465,21166,65217,48516,9729,28102,18004,25741,32613,7688,4727,15890,79485,52749,23601,31776,37722,35762,24215,36518,12564,33865,20574,21249,40546,36026,35126,70892,16222
30,38207,42292,105845,68013,37036,20530,68067,66497,63634,54422,10466,38396,33957,47394,46481,69702,96855,50018,102860,69987,60893,19744,82473,38878,50275,33041,93203,64195,36347,39198,0,51402,72459,63021,56247,28307,53327,81539,54241,20887,71972,66252,66742,35688,45639,36194,33481,75807,104277,25582,40007,54447,28281,56999,39658,35477,51954,25108,106564,28266,68821,33845,88091,46094,47091,9007,41002,51085,59795,34788,48757,50619,69385,68047,39959,38833,22196,32967,66155,39063,37426,36823,73581,73492,44787,38799,48335,20719,16889,7239,38856,42634,43992,17952,73895,53917,64519,93298,38482
31,51497,9385,120130,23368,22570,31634,49447,65270,26583,7762,43041,37057,20157,32340,49144,20785,104087,18822,124002,30718,47672,42222,52405,13222,15720,53738,50546,40156,15058,31496,51402,0,22133,20617,11022,35901,56755,60130,20529,45015,48757,14852,56487,42818,14104,17176,18377,29353,122730,26115,15068,13243,26549,28395,18119,34195,25241,49662,118897,42827,44562,22151,75869,37173,4470,47925,29352,5472,19708,25577,27141,13043,35396,17996,41225,13044,32980,18553,22669,23941,27407,17971,52895,23039,8295,14952,10845,34318,45043,53261,19495,12503,52065,39021,27819,4581,16352,100273,47489
32,64069,31440,124763,27610,38455,52075,62554,69021,22370,23766,64755,49351,42281,50841,58441,19789,106822,27354,131226,36864,49994,60321,59051,33592,33611,68114,47449,52960,36620,43988,72459,22133,0,29220,16861,52209,64314,70135,35935,67135,44889,9670,57846,55963,34454,39307,38983,27747,128929,46877,32950,28622,48683,42826,39649,47984,31014,66074,122790,58459,56145,40030,87887,45952,25879,69737,49600,25155,18789,41576,45138,23517,43908,16543,52745,35097,52122,40282,14227,38195,41552,36266,64445,15936,27675,37031,30650,56392,63587,73396,35629,34206,62633,58066,11393,21827,8874,103200,59718
33,71116,24453,140722,5186,42179,46248,33334,85857,44386,12929,53045,57121,29187,25119,69552,11188,124684,39276,144327,10105,68025,58981,32305,30995,12757,72566,31402,23743,30126,51680,63021,20617,29220,0,29371,54398,77292,41664,10149,49967,67766,19900,76799,62468,17476,27382,34690,13057,143196,40829,34521,9182,34788,14459,23364,53926,45596,67434,139511,61375,27035,40733,58911,57749,23736,57053,26947,16213,37791,44910,19708,33404,15603,13075,61366,26561,49320,32123,38083,44007,47327,36779,35424,16823,28082,24936,15525,42771,61185,66750,39256,21163,72215,54985,39680,16067,29740,120874,67306
34,48284,17974,113213,30739,21611,35730,60139,57607,15657,17706,49241,33432,28972,43331,43880,25581,96344,11743,118254,39268,39147,43460,61675,17865,26684,51820,56433,50715,21690,27883,56247,11022,16861,29371,0,35424,50691,70323,31223,53328,38490,14835,47800,39891,25016,26026,23071,34905,116503,30801,16317,23608,34870,39080,28331,31610,17178,49345,111672,41813,54935,23228,86519,31334,12318,54323,40044,16381,8783,24748,38164,6800,44846,21943,37162,21280,35384,25379,12028,21528,24977,19601,63343,25395,12143,24325,21865,41851,46737,56766,18767,22777,47587,41279,18422,14312,8318,92583,43996
35,17849,29953,90671,58300,13895,14716,73070,42095,37849,42215,27622,10316,29710,50890,21356,56682,77704,25646,91802,63820,32991,9464,82442,23459,43644,18173,85650,65952,24662,11199,28307,35901,52209,54398,35424,0,29555,86138,49176,38749,43666,49007,39687,10378,38682,29565,20017,65009,91536,16870,20868,45302,29121,55273,35287,7181,25420,13975,90325,6988,70952,13817,97696,17839,31661,31824,44286,38585,35744,10724,48953,28693,66254,53830,12935,28316,9281,23913,42315,14103,11066,17965,78003,58624,27613,31173,39210,28625,13046,25322,16922,34232,21227,10451,50332,40043,43401,73897,15154
36,15273,54498,63502,80044,36154,44270,100947,13170,42805,64363,55913,21465,57757,79206,8386,76050,48735,39055,67573,87340,17788,34449,108105,47876,68918,21560,106807,93036,50865,26155,53327,56755,64314,77292,50691,29555,0,113529,74591,67806,30932,65450,17164,19263,64456,56872,46667,85274,66017,45929,43399,68987,58282,81640,62563,25462,33722,28495,62525,25818,97959,39061,126321,19612,53637,59319,72893,61185,45575,34221,76459,44763,91246,72523,17360,54223,38816,51408,50561,33733,30849,42036,105555,76055,49333,57825,63806,58161,36609,47611,38659,60017,9335,38205,57216,61336,56088,44892,15142
37,103986,59394,176540,42524,77425,73316,13539,123847,85758,52685,71432,92144,56428,35646,105249,50426,162154,78680,177845,33300,107346,86974,13713,65797,45284,103307,37649,20518,62670,87421,81539,60130,70135,41664,70323,86138,113529,0,39828,61397,108766,61325,116165,95981,49271,56835,66969,44209,177674,69473,70528,46904,58002,32197,51085,88291,85138,96312,175904,92458,15702,74507,18538,94918,61682,72884,42477,54749,79007,79327,37228,73091,26269,53600,96375,59319,78228,62443,79733,80021,82703,71536,8188,55166,65549,55714,50601,62496,87769,87787,75120,53615,106716,82265,81075,56109,71405,158307,100970
38,66639,20098,138022,15268,38516,39063,28936,84323,46877,13666,44017,53553,21217,15481,66486,20630,122894,38862,140552,15810,67530,52433,33576,26782,5676,67222,39006,19641,24547,48463,54241,20529,35935,10149,31223,49176,74591,39828,0,40051,69282,26266,76353,58186,10494,20138,29172,23014,139845,33989,31204,7780,26016,7871,15054,49957,45318,61340,137116,56004,24158,36190,55348,55514,21856,47736,16798,15067,40006,40815,9832,33333,17077,21479,57839,20915,42856,25559,41893,40858,43830,32700,32413,26135,25794,18119,10867,33651,54239,58520,35932,14965,68528,48116,45163,16952,34124,119053,63155
39,53856,35857,124920,55154,40466,24597,48106,80675,65037,45022,12548,48681,24857,29262,59897,58913,114378,51451,122934,54805,70817,33824,63742,35913,37759,50248,77539,45499,31694,47033,20887,45015,67135,49967,53328,38749,67806,61397,40051,0,79416,58999,78176,48635,34354,27842,31541,63001,123999,25898,39398,42894,18543,40511,28267,44802,55631,42129,125300,42107,49765,36320,67213,55333,41612,11888,24006,42523,59518,39708,32223,49628,52613,58283,51684,32273,29639,28074,64969,43364,43443,37176,53640,63694,41236,30114,37940,11963,32694,27853,40755,33209,58814,29659,71736,45825,60781,110681,52731
40,41047,51899,81765,68589,39109,55255,98165,28317,23628,56081,70167,33717,60294,79418,30921,62209,62954,31193,90357,77486,13538,52592,100047,47251,64255,47760,92068,88914,51720,33084,71972,48757,44889,67766,38490,43666,30932,108766,69282,79416,0,50211,16180,38002,61409,58069,49513,71308,87122,53584,42428,61899,63946,77142,62574,36508,25182,51526,79327,45031,93283,43293,124590,25940,47961,74839,74661,54215,29983,39716,74923,36139,83309,58453,33148,53687,51065,54246,31173,36123,36061,43458,101644,60020,44863,57627,59039,67694,55954,68455,39452,57889,35867,54077,34541,52658,39296,59520,37815
41,62914,24123,127600,19053,35145,46360,53174,71829,26625,14508,57823,48070,34344,41245,58715,12014,110352,26578,132978,28327,53038,56207,50893,27753,24119,66110,42317,43552,29910,42469,66252,14852,9670,19900,14835,49007,65450,61325,26266,58999,50211,0,61444,54412,25417,31461,33065,21131,131119,40892,28438,19019,40832,33199,30986,45964,31780,62974,125925,55699,46933,35758,78792,46163,19191,62655,40289,16491,20971,38310,35529,21329,35061,8281,51899,27738,47301,33385,19233,35650,39182,31669,55307,10614,22140,29008,21605,48823,59224,67974,32087,25793,62399,53351,19793,13174,10917,106634,58665
42,30751,57078,67019,78528,40582,53620,104510,12175,35499,64221,67308,29516,63222,84016,20774,73100,49022,37670,74666,86850,8827,47044,108884,51193,70888,37537,103761,95777,55142,31662,66742,56487,57846,76799,47800,39687,17164,116165,76353,78176,16180,61444,0,31054,67167,61592,51801,82418,71744,53604,46239,69638,65406,83989,66851,33379,31250,43259,64951,38485,100469,44454,130686,23176,54501,71399,78385,61655,40473,39901,80289,43467,91881,69365,26966,57906,48559,56776,43629,37584,35995,46098,108568,71839,50632,61836,65566,67268,49896,61903,42100,63073,24750,49811,48611,60873,50880,45368,28843
43,8681,38357,80602,65960,20332,25045,83051,32041,38138,49822,36968,6667,39624,60977,11278,63393,67342,28611,82370,72209,25682,16021,91694,31634,52552,12307,93294,75654,33714,12017,35688,42818,55963,62468,39891,10378,19263,95981,58186,48635,38002,54412,31054,0,47744,39174,29186,72167,81812,27120,27993,53587,39437,64681,44930,8623,25947,13589,80139,7442,80640,22007,107918,12992,38953,40701,54455,46315,37900,17567,58753,33151,75206,60230,4885,37299,19580,33543,44179,18968,15443,25738,87887,64604,34652,40520,47791,38911,18855,31055,23352,43248,10891,19214,51989,47249,47112,63532,4996
44,56166,10134,127787,22384,28305,29013,37344,74575,40299,10949,35834,43261,11721,18364,56273,24736,112950,30328,130115,25671,58391,42154,43955,16585,5074,56740,48518,28761,14061,38300,45639,14104,34454,17476,25016,38682,64456,49271,10494,34354,61409,25417,67167,47744,0,10004,18679,30168,129471,23755,21257,8877,17579,17187,6220,39589,36667,50955,126963,45517,33601,25778,63602,45650,13506,40081,15377,9442,33496,30466,13518,25324,27571,23928,47539,10446,32526,15176,36774,30796,33618,22435,41488,29350,16697,7740,3816,25731,44115,49274,25877,4497,58163,37945,41641,12676,30137,109105,52722
45,47330,8115,119704,32155,21203,19018,44080,67828,39500,18363,26844,35415,2998,22541,48533,33523,105600,27200,121346,35636,53034,32294,52931,10818,15044,47362,58521,36481,6473,31005,36194,17176,39307,27382,26026,29565,56872,56835,20138,27842,58069,31461,61592,39174,10004,0,10207,39815,120960,13850,15710,18438,9397,25727,5756,31495,32891,41240,119095,36210,41469,17834,69610,39019,13901,31453,16828,15270,33235,22685,19627,23647,37067,32039,39604,4809,22733,5654,37979,24090,26290,15502,48776,37518,14457,2611,12181,17382,34151,39441,19496,6443,49881,28001,44250,18407,33072,101755,44169
46,37520,10393,109590,38890,11222,13295,54281,57681,33498,23182,26181,25215,11437,32676,38333,38373,95393,19963,111519,43891,43388,24471,62556,5398,23626,38133,66077,46549,4647,20840,33481,18377,38983,34690,23071,20017,46667,66969,29172,31541,49513,33065,51801,29186,18679,10207,0,46014,110995,7904,7856,25520,14463,35494,15906,21322,24683,32744,108935,26901,51518,7635,79786,28976,13924,31275,26678,19530,28164,12483,29806,18324,46248,36037,29418,8303,14909,4974,33972,14223,16146,6054,58939,41276,11308,11336,19294,19621,26998,34912,10089,14216,39789,20859,41268,21685,31215,91548,34181
47,80844,35622,148107,7886,51915,58309,39560,92501,47751,22879,65952,66316,41861,37079,78023,9334,131189,46266,152809,12280,73900,70485,31966,41656,25700,83006,21551,30895,41661,60715,75807,29353,27747,13057,34905,65009,85274,44209,23014,63001,71308,21131,82418,72167,30168,39815,46014,0,151249,52775,44347,21390,47676,25297,36231,63543,52070,78520,146576,71983,32428,51191,62599,65700,33389,70044,39722,26541,42004,54888,32068,40511,19474,13052,70426,38293,60897,44116,40201,53251,56741,47057,39912,11820,37590,37270,27657,55730,72936,79250,48847,33419,81220,66749,39138,25003,32019,127443,76806
48,73688,119817,9675,146051,101405,104899,164574,60004,106639,130281,111502,86332,121246,142333,73647,141992,27522,104986,6408,153195,78992,91748,173414,113091,134180,74895,172795,157434,115495,91605,104277,122730,128929,143196,116503,91536,66017,177674,139845,123999,87122,131119,71744,81812,129471,120960,110995,151249,0,108276,108928,134704,120179,146484,126713,89890,99360,82569,14106,85340,162427,103694,188676,85629,119474,112826,135632,127021,110625,99030,140473,110748,156754,138421,82046,119046,99710,115314,114753,99292,96120,107160,169539,141729,115139,122331,129241,117537,91867,97046,104152,124976,71317,96463,120269,127310,121245,29627,76815
49,34651,17484,107535,45363,14568,5593,56300,57914,40008,30230,18731,24879,13257,34065,37567,45592,94424,26190,108371,49426,45714,18445,66496,13302,28827,33923,72159,49484,11319,21948,25582,26115,46877,40829,30801,16870,45929,69473,33989,25898,53584,40892,53604,27120,23755,13850,7904,52775,108276,0,14845,31691,12356,39294,19244,20778,29836,27463,107193,22984,54485,10436,80829,30432,21706,23847,27422,26654,35226,14010,32443,25595,50877,43476,28658,14489,8949,8707,41301,17479,17873,11968,61311,48802,19205,16024,25320,14111,20379,27165,15078,19684,38011,14194,48799,29119,39017,90604,31996
50,36667,11156,106871,37974,7665,19477,58436,53319,25643,21829,33559,22645,17867,37824,35361,35850,91733,12161,109892,44372,37563,27784,64708,4975,25539,38677,65326,50015,9296,17336,40007,15068,32950,34521,16317,20868,43399,70528,31204,39398,42428,28438,46239,27993,21257,15710,7856,44347,108928,14845,0,25795,22029,38410,20662,19415,17305,34725,105920,27769,54856,7319,84484,24394,10986,38676,32489,18331,20445,10543,34078,10750,47884,32961,26915,11680,19183,12008,26457,9672,12835,3317,62717,37788,6774,15635,20407,27473,30872,40473,4776,16960,37741,25167,33991,19348,24633,87889,32793
51,62201,15354,132488,13729,33400,37147,36554,78112,39233,5927,44705,48439,20490,22226,61084,16019,116857,31978,135686,18622,60813,49800,39380,21989,5396,63476,40584,27107,20945,43099,54447,13243,28622,9182,23608,45302,68987,46904,7780,42894,61899,19019,69638,53587,8877,18438,25520,21390,134704,31691,25795,0,26456,15533,15071,45108,38425,58261,131409,52268,31385,31719,62913,49593,15414,48956,21716,7991,32381,36021,16517,26266,22380,15684,52710,17379,40141,22984,34116,35412,38629,27849,39764,20938,19664,15919,6372,34606,52027,57880,30567,12090,63532,45826,37479,9295,26362,113028,58471
52,46753,17321,119677,39834,25149,15346,44628,70186,47321,27388,18275,37146,6490,22359,49916,42175,106767,34173,120070,41811,57246,28972,56284,17908,22031,45427,65020,38567,13448,33814,28281,26549,48683,34788,34870,29121,58282,58002,26016,18543,63946,40832,65406,39437,17579,9397,14463,47676,120179,12356,22029,26456,0,29574,11445,33046,39136,38309,119415,34866,43510,21068,68637,42266,23069,22528,15546,24515,41449,25504,21807,31606,41804,41001,40992,13730,20474,10074,46641,28209,29413,20508,49814,46482,22865,11828,20664,8203,29922,32579,24493,15306,50324,24271,53248,27725,42240,102949,44274
53,72975,27255,144929,18598,45485,43945,21066,91700,54729,21458,46557,60398,26065,12111,73439,25644,130131,46615,146996,14712,75175,57606,27217,33772,13103,73072,37027,11823,30996,55485,56999,28395,42826,14459,39080,55273,81640,32197,7871,40511,77142,33199,83989,64681,17187,25727,35494,25297,146484,39294,38410,15533,29574,0,20080,56668,53061,66746,144137,61936,16494,42833,47477,62802,29559,49665,16541,22929,47863,47580,8357,41147,12387,27343,64667,27488,48243,31366,49604,47981,50795,39608,24623,31277,33360,24166,18426,36312,59063,61974,43059,21626,75222,53093,52532,24788,41697,126286,69674
54,53073,10876,125455,28392,26717,24102,38385,73384,42846,16772,29720,41120,6172,17168,54238,30955,111278,31427,127082,30817,58212,37637,47297,15687,10617,52998,53936,30725,11823,36610,39658,18119,39649,23364,28331,35287,62563,51085,15054,28267,62574,30986,66851,44930,6220,5756,15906,36231,126713,19244,20662,15071,11445,20080,0,37223,37435,46708,124832,41881,35714,23503,64064,44503,16058,33892,12140,14541,36271,28349,13899,27190,31684,30068,45324,8995,28190,11399,40344,29525,31884,20908,43038,35513,17956,5027,9674,19545,39286,43588,24795,5623,55633,33213,45924,17886,34472,107432,49925
55,17302,29979,88291,57360,11749,20244,75569,37144,31721,41231,34259,4101,32297,53748,17085,54782,74186,20713,90650,63723,26201,16463,83523,23243,44295,20209,84682,67856,25687,4453,35477,34195,47984,53926,31610,7181,25462,88291,49957,44802,36508,45964,33379,8623,39589,31495,21322,63543,89890,20778,19415,45108,33046,56668,37223,0,19220,18730,87613,10938,72815,13834,100858,10813,30351,38668,47437,37746,30470,9146,51119,24822,66907,51641,8119,29185,15234,25974,36942,10379,6839,17313,80261,56072,26040,32605,39421,33985,19998,32409,14740,35097,18574,17570,44902,38632,39110,70346,13379
56,33481,26881,96038,47563,15450,32723,73863,40507,12504,32971,47866,19311,35162,54393,27442,42754,79308,6459,101202,55674,22445,34802,77633,22076,39981,38251,73607,64884,26571,14774,51954,25241,31014,45596,17178,25420,33722,85138,45318,55631,25182,31780,31250,25947,36667,32891,24683,52070,99360,29836,17305,38425,39136,53061,37435,19220,0,37924,94525,30146,69476,19429,100219,14941,23506,52859,49494,30460,12301,17210,50103,12218,60632,39122,22131,28515,29782,29245,18294,12968,14700,18682,77685,42394,19973,32466,34668,43696,38385,50283,14890,32916,31639,34446,26043,29627,22489,75528,29122
57,13231,43060,82952,71581,27869,23027,82922,41609,50406,55647,29614,19211,40684,60668,22492,70399,72405,39159,82069,76518,38886,9343,93930,36866,56016,8156,98820,76683,37324,23155,25108,49662,66074,67434,49345,13975,28495,96312,61340,42129,51526,62974,43259,13589,50955,41240,32744,78520,82569,27463,34725,58261,38309,66746,46708,18730,37924,0,83212,7794,81666,27513,106249,26454,45338,32061,53846,51989,49101,24697,59689,42583,78307,67644,18474,40935,18520,35789,55615,27880,24587,31693,88123,72514,41413,43236,51997,34975,9443,19118,30895,46659,19219,14075,63598,53675,57234,68757,14423
58,72707,117023,4438,141942,98659,104436,163130,54099,100428,126599,112756,83774,119726,141114,70699,137248,16575,100524,20461,149603,72965,91989,170617,110392,131444,75168,168089,155452,113256,88671,106564,118897,122790,139511,111672,90325,62525,175904,137116,125300,79327,125925,64951,80139,126963,119095,108935,146576,14106,107193,105920,131409,119415,144137,124832,87613,94525,83212,0,84723,160398,101405,188022,81822,116011,114683,134585,123537,105064,96601,138723,106391,153725,133579,79531,116677,99058,113528,108566,96258,93345,104529,167870,136454,111746,120200,126323,117712,92654,99448,101184,122510,69287,96579,113412,123462,115614,19814,75208
59,12054,36924,84865,65288,20565,19718,79265,38879,42638,49200,30097,11773,36129,57003,18356,63613,72725,31419,85387,70761,33025,8714,89140,30447,50510,11232,92638,72417,31549,15372,28266,42827,58459,61375,41813,6988,25818,92458,56004,42107,45031,55699,38485,7442,45517,36210,26901,71983,85340,22984,27769,52268,34866,61936,41881,10938,30146,7794,84723,0,77420,20795,103479,19363,38618,33571,50292,45572,41324,17415,55381,35025,73075,60717,12000,35204,14396,30585,47829,20288,16911,24928,84295,65451,34533,37935,46148,33153,11414,23661,23648,41093,16710,12447,55808,47006,49601,68964,10677
60,88771,43712,161105,28882,61821,58644,7213,108168,70480,37237,58448,76623,41291,21559,89709,36905,146533,63020,162750,20323,91651,72373,14048,50156,29583,88407,33646,5002,47143,71823,68821,44562,56145,27035,54935,70952,97959,15702,24158,49765,93283,46933,100469,80640,33601,41469,51518,32428,162427,54485,54856,31385,43510,16494,35714,72815,69476,81666,160398,77420,0,58998,31903,79250,45999,60579,28291,39146,63674,63796,22042,57470,12972,39687,80872,43735,63353,47113,64772,64380,67114,55932,8447,42121,49848,40210,34903,48867,73432,74612,59470,37975,91306,67719,66715,40651,56556,142686,85636
61,30538,16398,102118,44524,4183,13639,61889,50061,30083,28412,28607,17637,18984,40307,30748,42908,87776,16289,104362,50321,36195,20476,69730,9739,30547,31892,71890,54047,11857,13221,33845,22151,40030,40733,23228,13817,39061,74507,36190,36320,43293,35758,44454,22007,25778,17834,7635,51191,103694,10436,7319,31719,21068,42833,23503,13834,19429,27513,101405,20795,58998,0,87420,21459,17859,33666,34246,24794,25950,4850,37398,17018,53198,40131,21873,15355,12199,12520,32339,7204,8562,4180,66506,45039,13906,18795,25807,24462,23612,33657,5025,21282,32394,18050,40158,26233,31521,83930,26967
62,115391,73627,188315,60369,90776,83808,26425,137435,102144,68830,78802,104871,68565,47126,117943,68364,175038,93822,188318,51312,121945,96979,32022,79564,60353,113786,55394,35816,75888,100615,88091,75869,87887,58911,86519,97696,126321,18538,55348,67213,124590,78792,130686,107918,63602,69610,79786,62599,188676,80829,84484,62913,68637,47477,64064,100858,100219,106249,188022,103479,31903,87420,0,108567,76772,79101,53477,70399,95295,92266,50406,88510,44052,71359,108969,72874,89083,74950,96634,93585,95901,84971,23487,73305,80284,69010,65616,71344,97164,94933,88815,67615,118802,92248,98584,72207,88449,171200,112822
63,19101,35546,82974,60435,17815,30738,82710,28946,26126,44820,45045,7783,40405,61559,12579,56507,67380,19605,87109,67820,15489,26652,88874,29150,49874,24698,87220,74402,32681,8486,46094,37173,45952,57749,31334,17839,19612,94918,55514,55333,25940,46163,23176,12992,45650,39019,28976,65700,85629,30432,24394,49593,42266,62802,44503,10813,14941,26454,81822,19363,79250,21459,108567,0,34189,49481,55655,41716,27229,16786,58248,25207,71935,53019,8269,35757,25950,33933,32991,14986,12911,23597,87080,56726,29936,39569,44659,44190,30033,42540,19824,41316,16708,28291,40442,41753,37369,63540,14851
64,47632,5787,117123,27008,18623,27200,50384,62721,26969,10895,38944,33419,16892,31791,45826,25061,101446,17070,120592,33724,45676,37788,54771,8753,16475,49616,54346,41380,10819,27948,47091,4470,25879,23736,12318,31661,53637,61682,21856,41612,47961,19191,54501,38953,13506,13901,13924,33389,119474,21706,10986,15414,23069,29559,16058,30351,23506,45338,116011,38618,45999,17859,76772,34189,0,43889,27950,7551,20278,21525,27015,11832,37787,22399,37647,9341,28515,14429,24347,20286,23655,13695,54182,27495,4347,12038,11168,30561,40585,48826,15614,10589,48501,34554,30360,8389,19186,97617,43713
65,44628,38555,114113,62169,37436,20136,59471,72432,63705,49780,5117,42136,28816,39386,51892,64700,104421,49873,111560,63246,64799,24879,74389,36475,44343,40202,86376,56077,33117,41762,9007,47925,69737,57053,54323,31824,59319,72884,47736,11888,74839,62655,71399,40701,40081,31453,31275,70044,112826,23847,38676,48956,22528,49665,33892,38668,52859,32061,114683,33571,60579,33666,79101,49481,43889,0,33299,46715,59073,35808,41323,49417,62024,63442,44443,34920,23777,29461,65126,39941,39064,35800,65000,68926,42332,34036,43182,14349,22912,16083,38614,37712,50065,21593,72534,49793,62374,100795,44200
