0,0,1,2,3,4,5,6,7,8,9,10,11,12,13,14,15,16,17,18,19,20,21,22,23,24,25,26,27,28,29,30,31,32,33,34,35,36,37,38,39,40,41,42,43,44,45,46,47,48,49,50,51,52,53,54,55,56,57,58,59,60,61,62,63,64,65,66,67,68,69,70,71,72,73,74,75,76,77,78,79,80,81,82,83,84,85,86,87,88,89,90,91,92,93,94,95,96,97,98
0,0,57234,134648,20874,49755,24980,25468,49712,47438,13145,28570,32941,15871,132003,70812,70002,115159,12845,38297,42439,51496,38335,13284,21497,37351,61312,39954,14150,39494,36859,23533,43499,11510,43983,35558,64299,6217,20089,36311,16514,22965,27753,134801,59080,30136,50163,78571,25351,27804,21035,36188,5900,62001,15305,37401,13181,33931,55167,10706,41738,45377,21506,60332,9941,52266,32450,33525,29285,17036,44022,15850,64044,40935,45258,16121,60729,21880,5923,18365,31589,27031,39926,56651,62114,42352,5247,131044,9961,25064,133730,29500,9182,31298,20065,26839,20851,52428,26845,16063
1,57234,0,77827,36676,38482,75605,81262,14851,20050,51542,37528,25130,59376,75560,28843,16291,60689,45794,45767,17212,7323,93273,67306,68117,54027,10204,29122,43342,96676,24807,33970,13921,63742,98017,41328,37815,51035,38322,21473,43641,80162,51619,77567,7712,27118,10677,28232,32332,32417,77090,67325,58471,24755,41999,53279,69674,88023,14687,54480,17048,100970,44274,112822,51508,4996,30300,32482,29043,65924,44087,47489,10892,42272,12622,42141,4363,65284,63155,70717,87446,73064,40397,33681,6012,23310,52712,75084,50255,60078,76587,43408,48395,81641,37223,43996,38885,33064,68525,44597
2,134648,77827,0,113802,106812,150120,159066,85810,93601,127174,110718,101778,136992,5285,70645,64989,25505,123594,118924,94427,83155,171092,143534,142179,120767,76738,99162,120542,174134,101728,111726,91747,141570,172744,110148,85640,128519,116147,98342,119797,157368,122681,12289,75642,104596,86760,59218,109336,110040,153581,135751,135188,78243,119602,126716,147356,165813,84982,130418,92999,178798,121624,190233,127867,82817,107276,104952,105557,143636,115018,122982,70752,107939,89396,119944,74927,138823,140560,146221,165258,146227,113270,97926,72594,98451,129868,9715,128072,132122,6593,119329,126039,155523,114850,116339,114957,100296,140882,122404
3,20874,36676,113802,0,39493,40049,45937,29021,30437,16053,13714,12069,27908,111130,50947,49134,94375,12070,33511,23534,30675,58566,30776,33283,31632,41804,21647,6739,60333,20194,6248,23298,29370,61921,23003,46828,14855,8536,15464,8212,43607,23710,114166,38207,9691,30732,57964,4477,13421,40436,38944,21815,42263,6830,36977,33835,53745,36834,18427,20864,65901,18500,79776,15147,31776,18204,16012,8515,33139,37239,12731,43170,28168,24455,9389,40386,31202,26768,34560,52133,38808,31995,43566,41341,26127,16092,110174,16331,28514,112971,24821,12870,46385,4142,17219,5423,39706,35461,13648
4,49755,38482,106812,39493,0,74524,64880,46094,18764,53555,51164,38083,41002,105911,66742,54350,95074,37699,14378,25764,39781,73681,63021,69590,70514,32887,51954,42294,82473,21810,33245,31546,48757,93203,59795,71972,44962,32773,36785,47049,69385,63174,102903,45763,34445,28266,66497,38476,26073,69987,78317,54447,60893,38585,21286,56999,68067,24668,54559,39178,81539,28281,88091,51092,35688,21426,50018,39486,47394,8759,51402,49360,63846,37292,35621,38207,68527,54241,68013,70164,75372,10191,9480,44135,17885,48264,106592,39794,67479,103755,20719,41783,80938,36125,56247,44855,6523,73303,33957
5,24980,75605,150120,40049,74524,0,30287,64577,70007,24188,39424,50550,38585,146857,81462,85365,128314,36917,63265,63574,68833,40475,11835,8018,34498,81714,51022,34304,32172,59412,45002,63021,30989,22646,41086,70498,29614,43056,54222,32216,19097,28512,151899,75372,49585,70730,91479,43881,50877,11796,23494,20101,72919,37295,61932,24362,39160,76849,21631,58678,44196,46404,62523,25024,70954,55845,45176,46655,36061,69000,28136,79950,44857,62987,39485,79632,11632,21846,6651,33552,6631,64831,80943,79429,65254,26427,145262,34859,19284,150094,54466,32845,6468,41333,33873,36810,76765,11921,40576
6,25468,81262,159066,45937,64880,30287,0,74952,68404,37010,53761,57936,24137,156639,96281,94910,140284,35472,50843,65216,76086,12936,23927,33817,58689,83954,65360,39359,17629,58526,47346,67344,17684,34860,59867,89338,31119,42955,61111,41921,11594,49857,158525,83870,54612,73054,103881,50377,49600,18520,52024,27497,87470,39643,46040,12301,9408,76835,33731,66674,19966,39236,35458,34596,76266,53275,58911,54447,17501,57019,40582,88876,64998,69858,39123,84396,36745,20084,26369,6208,36395,54781,73506,86503,63154,30693,155869,31012,43567,157801,44764,33216,33282,44327,51101,46320,69381,40103,36925
7,49712,14851,85810,29021,46094,64577,74952,0,27773,41366,25235,17181,55655,82816,23176,20840,65460,40330,49272,20458,8124,87581,57749,56748,39764,24754,14941,35616,88874,26564,28861,14645,58248,87220,27229,25940,43840,33779,14567,34118,71935,38522,87329,11154,21267,19363,28946,24615,30606,67820,53656,49593,15489,35532,55875,62802,82710,26488,44626,9073,94918,42266,108567,42182,12992,30852,19605,20506,61559,49443,37173,15405,27607,8885,36902,19101,53575,55514,60435,81143,61215,44741,43881,15986,28401,44673,81597,44849,47541,85551,44190,41846,70250,31115,31334,29311,42052,56235,40405
8,47438,20050,93601,30437,18764,70007,68404,27773,0,46420,38477,23907,44747,92029,47984,36247,79120,34650,26224,8691,21058,79317,59701,63610,57839,16903,35997,35704,85178,10643,25013,13784,50807,91087,45844,53709,41468,27409,21378,38645,69840,52202,91396,27087,22034,9549,48274,27532,19635,68452,68229,50525,42219,32855,33945,58071,73801,8693,48481,22030,87224,29243,97026,45015,16934,15237,35703,26675,51579,24061,43150,30927,48981,19249,31329,20550,61636,53015,64081,74358,69203,20668,16424,25923,5250,44134,92149,38426,58576,91384,25764,38298,76434,28675,44547,34938,14279,65871,32040
9,13145,51542,127174,16053,53555,24188,37010,41366,46420,0,17310,26425,27914,124160,60544,62190,106349,17089,44740,39556,44924,49918,16434,17230,24382,57532,29295,11295,48341,36006,21549,38832,24652,46475,22889,52406,11655,20802,30095,8033,31349,14744,128370,51796,25436,46580,69432,19709,28146,26538,25829,9514,51740,14971,45880,24975,46032,52867,3420,34758,56367,27438,72413,3542,46829,33180,22912,22517,30106,49641,4193,56538,28126,38955,18123,55511,15294,17127,19222,42811,22783,44782,58744,55599,41936,8932,122844,17830,14425,126809,35487,13608,30430,18027,14107,12662,54712,19840,20948
10,28570,37528,110718,13714,51164,39424,53761,25235,38477,17310,0,14657,39820,107518,43242,45956,89325,24522,46853,30092,30351,66696,33589,31539,19520,45295,12007,16902,65650,29919,19065,27122,39283,62067,9300,35733,24064,22246,17782,12220,48659,14299,112547,36215,16936,35365,52392,12869,25812,43671,30374,26557,34448,19402,50661,41502,62471,42684,20728,20598,73410,32191,88889,19196,33382,29867,5775,11943,43999,50087,13318,40640,14483,25164,22668,41802,28340,33677,35659,59728,35996,44770,53658,40591,35378,23355,106035,28011,22574,110677,38412,23628,45019,17853,6515,9239,50209,31140,26944
11,32941,25130,101778,12069,38083,50550,57936,17181,23907,26425,14657,0,38605,99072,39800,37065,82348,23154,36629,15439,18743,70481,42237,43198,33931,31512,14353,18795,72376,16286,11939,12850,41080,72898,22108,38085,26911,16855,3672,18512,55593,28736,102337,26152,4777,21023,46093,7593,15574,52112,44861,33540,31373,18377,42045,45885,65561,28143,29352,8797,77889,26083,91386,26428,20407,17939,12050,3913,44400,38571,22414,31105,25799,12608,19762,29088,40549,38827,45587,64140,48337,33323,39500,29451,21216,28091,98105,27668,36097,101032,29685,24743,56667,13937,20948,13763,36300,44152,23422
12,15871,59376,136992,27908,41002,38585,24137,55655,44747,27914,39820,38605,0,134895,78385,74188,119665,15837,27365,42567,55124,34573,26947,36731,52230,60848,49494,22934,41585,35398,26796,45603,8218,53551,48229,74661,16608,21891,41123,27981,28793,42603,135715,63097,34400,50292,84283,31731,26975,30831,52059,21716,69855,21109,24034,16541,29081,53329,26180,46740,42477,15546,53477,24383,54455,29930,43550,35874,6837,33550,29352,68088,53711,49102,18898,62068,37562,16798,32054,29826,41922,30831,49432,64991,39528,18983,134459,11827,40883,135321,20642,16226,44354,24816,40044,30720,45283,42456,15261
13,132003,75560,5285,111130,105911,146857,156639,82816,92029,124160,107518,99072,134895,0,66753,62088,20719,121193,117653,92392,80580,168797,140562,138887,116980,75126,95840,117865,171445,99791,109301,89446,139233,169447,106602,81459,125914,113809,95700,116902,154605,119195,16971,72923,102061,84826,55594,106655,107920,150637,131974,132343,74570,117070,125459,144819,163576,83489,127439,90276,176449,119627,188265,124974,80525,105349,101744,102803,141479,113964,119967,67972,104215,86821,117552,72874,135484,137898,143114,162842,142815,111989,97207,70148,96766,127150,4523,125698,128663,11157,117661,123513,152161,112341,113013,112073,99388,137408,120150
14,70812,28843,70645,50947,66742,81462,96281,23176,47984,60544,43242,39800,78385,66753,0,17044,47191,62764,71833,42329,27205,109121,76799,73444,50252,37668,31250,57150,108884,49196,51711,36794,80289,103761,40473,16180,65347,56639,37609,54437,91881,53157,74963,21184,44206,38485,12175,46782,53782,86850,65245,69638,8827,57713,78723,83989,104510,43530,63959,32237,116165,65406,130686,62173,31054,53830,37670,42602,84016,71328,56487,18844,37590,31410,59500,30751,69874,76353,78528,102389,76863,66973,62513,24282,49973,65596,64607,67196,62644,71913,67268,63771,86331,53602,47800,49961,61700,71282,63222
15,70002,16291,64989,49134,54350,85365,94910,20840,36247,62190,45956,37065,74188,62088,17044,0,45515,59661,62056,33127,19063,107311,78545,77495,58481,22497,34846,55852,109387,40701,47797,28820,77758,108011,46640,31268,63970,52516,33800,54829,92523,58694,66632,11104,40341,26967,12167,44658,47559,88598,73070,70257,18310,55267,69542,82933,102246,29831,65428,28275,114826,59564,127618,62901,20493,46064,40238,40745,80503,60309,57998,6099,45623,25167,56069,16212,74255,75877,81276,101119,81823,56687,48611,10327,39591,65095,61041,64204,67946,64731,59400,61697,90958,50608,51853,49994,48594,76696,59054
16,115159,60689,25505,94375,95074,128314,140284,65460,79120,106349,89325,82348,119665,20719,47191,45515,0,105152,105317,77899,64564,152769,122779,120302,97366,62571,77417,101035,154294,85486,93304,74132,123243,150764,87553,61231,109229,98031,79212,99462,137319,100228,34027,56619,85817,70843,36934,89918,92894,132884,112342,114942,55453,100670,113063,128209,147741,71082,109703,73620,160231,104857,173119,107483,65436,90989,83572,85892,126014,102439,102179,51609,84777,70680,101571,58831,116800,120974,124972,146488,123936,99706,87217,54837,83365,110133,17739,109698,109723,29110,103984,107077,133370,96056,94462,94702,88660,118406,104563
17,12845,45794,123594,12070,37699,36917,35472,40330,34650,17089,24522,23154,15837,121193,62764,59661,105152,0,27750,30115,40708,47667,25697,31952,39452,49011,33679,7879,51208,24130,11898,31881,18098,56788,33393,58857,7303,7581,26000,13627,35304,30213,123174,48572,19338,37932,69195,15990,15027,33878,42913,16817,54157,5294,28891,24016,42588,42532,17260,31635,55260,10374,68244,14004,40798,19606,27832,20165,21266,32905,16534,53588,38818,34512,3653,48997,31168,18369,30510,41664,37729,28302,44079,51046,29531,10564,120486,4547,31512,122359,18514,4084,43365,9216,25895,15286,39882,36082,3910
18,38297,45767,118924,33511,14378,63265,50843,49272,26224,44740,46853,36629,27365,117653,71833,62056,105317,27750,0,29583,44809,59330,51485,59282,65067,42844,50950,34121,68470,22716,27788,35039,35412,80535,56085,73976,34505,25283,36736,39658,56109,56607,115768,52059,32062,35104,73845,34146,21406,57442,70456,43597,64746,30305,7807,43760,53721,34340,44991,40839,67175,17395,73942,41752,41821,18883,47355,36579,33451,6195,43520,56413,60880,40547,26815,46732,58809,42024,56629,55974,65000,5664,23659,51764,22468,37922,117991,28581,59142,116264,9253,31622,69526,29491,50691,38840,19959,63763,23844
19,42439,17212,94427,23534,25764,63574,65216,20458,8691,39556,30092,15439,42567,92392,42329,33127,77899,30115,29583,0,15225,76848,53902,56774,49315,18902,27344,29513,81317,7602,19007,5816,47546,85249,37206,46232,36262,22540,12716,31580,65312,44050,93344,22633,14300,7840,44551,20029,15676,63153,60153,44753,35645,27245,36748,54107,71486,13314,41943,13606,84646,27235,95872,38594,12634,13092,27066,18521,49243,29113,35985,27230,40289,11585,26527,19520,54529,48253,57959,71335,62224,24644,24963,23135,7947,38527,92086,34354,50898,92795,26276,33288,69919,22642,36309,27462,22375,58536,28291
20,51496,7323,83155,30675,39781,68833,76086,8124,21058,44924,30351,18743,55124,80580,27205,19063,64564,40708,44809,15225,0,88376,60941,61239,46716,16740,21830,37411,90987,22448,28816,10068,58801,91345,34010,33185,45365,33481,15214,37152,74280,44361,83597,7980,21482,11905,29713,26226,28592,70848,60018,52283,21175,36489,51923,64240,83261,18577,47970,10168,95950,40601,108557,45138,4922,27527,25205,22613,61450,44123,40808,12964,35070,6243,37092,11684,58316,57410,64145,82293,66078,39823,36605,10711,22768,46764,79788,45241,52923,82306,41027,42932,74783,31766,36785,32333,35171,61433,39999
21,38335,93273,171092,58566,73681,40475,12936,87581,79317,49918,66696,70481,34573,168797,109121,107311,152769,47667,59330,76848,88376,0,36149,45297,71094,95350,78267,52075,14795,69865,59561,79363,29578,38232,72746,102270,43835,54989,73557,54823,21564,62483,170162,96232,66969,84646,116527,62968,61171,28925,63351,40404,100320,52114,53421,25210,5621,87901,46616,79159,7934,50110,22766,47532,88291,64453,71823,67081,27750,65332,53517,101246,77837,82177,51287,96230,48518,33019,37781,7294,46978,63889,82734,98659,74101,43574,168144,43135,55714,169630,54562,45742,41999,56714,63993,59171,78752,51349,48688
22,13284,67306,143534,30776,63021,11835,23927,57749,59701,16434,33589,42237,26947,140562,76799,78545,122779,25697,51485,53902,60941,36149,0,10741,34947,72504,45596,24405,32305,49057,34954,54075,19708,31402,37791,67766,18451,32363,45858,23809,15603,26564,144522,68030,40468,61375,85857,35000,40221,10105,28576,9182,68025,26862,50105,14459,33334,67003,13123,50821,41664,34788,58911,15808,62468,45073,39276,38340,25119,57273,20617,72831,42509,54846,28580,71116,13045,10149,5186,28855,15191,53211,69756,71651,54765,15570,139271,23238,19645,143073,42771,21705,18042,31284,29371,28649,65548,17093,29187
23,21497,68117,142179,33283,69590,8018,33817,56748,63610,17230,31539,43198,36731,138887,73444,77495,120302,31952,59282,56774,61239,45297,10741,0,27120,74577,43046,28083,38813,53132,38650,55843,30067,30566,33088,62613,24835,37300,46861,25200,23806,20563,144077,67619,42597,63711,83479,36847,44961,16624,18207,15782,64901,31419,58867,25191,43129,70087,15260,51117,49924,42006,67858,18782,63548,49990,37269,39341,35631,64732,20887,72142,36958,55496,34037,72208,3730,20254,7520,38089,5782,60244,75423,71773,59043,21441,137269,30728,11558,142211,50201,27895,13546,35046,25880,29578,71311,6389,35796
24,37351,54027,120767,31632,70514,34498,58689,39764,57839,24382,19520,33931,52230,116980,50252,58481,97366,39452,65067,49315,46716,71094,34947,27120,0,62918,24930,31758,65886,49434,37682,45740,48819,55187,12722,37095,35708,39804,36694,25935,50188,9638,124258,50742,36454,53871,61588,32039,44752,43405,14994,32589,42574,35331,67863,47664,68070,61410,26682,38218,76451,48947,93858,27877,50621,49113,22461,31461,54387,68856,23150,54263,12937,42671,38925,58390,23440,40276,34111,63799,28624,63589,73176,55733,54888,33290,114854,41474,15671,121660,56155,36920,37961,35582,14417,26244,69724,22835,42822
25,61312,10204,76738,41804,32887,81714,83954,24754,16903,57532,45295,31512,60848,75126,37668,22497,62571,49011,42844,18902,16740,95350,72504,74577,62918,0,38276,48111,100199,25486,37811,18736,66269,103725,50204,47862,55119,41440,27919,49499,84209,59586,74878,17354,32155,11159,34549,37833,34359,81918,75575,63411,34602,46065,50632,72984,89912,8516,60175,24844,103203,45317,113667,56949,12330,30918,40770,35285,67626,39891,53696,18841,51671,20302,45429,6963,72031,67143,76361,90033,79812,37202,26273,13387,21721,57280,75263,53212,67506,74655,42590,52177,87951,41391,51809,44999,26728,75659,47061
26,39954,29122,99162,21647,51954,51022,65360,14941,35997,29295,12007,14353,49494,95840,31250,34846,77417,33679,50950,27344,21830,78267,45596,43046,24930,38276,0,26953,77633,30210,24712,22551,50103,73607,12301,25182,34876,29190,15173,23445,60632,23853,101440,26060,18901,30146,40507,18409,29709,55674,38722,38425,22445,28390,56131,53061,73863,37796,32709,14319,85138,39136,100219,30985,25947,32290,6459,14823,54393,52895,25241,29982,13485,18380,30979,33481,39662,45318,47563,71402,47101,47663,52295,30921,34444,34707,94250,37766,33117,99348,43696,33797,56362,25220,17178,19299,49508,41878,35162
27,14150,43342,120542,6739,42294,34304,39359,35616,35704,11295,16902,18795,22934,117865,57150,55852,101035,7879,34121,29513,37411,52075,24405,28083,31758,48111,26953,0,53593,25129,10700,29814,23220,55736,25581,51970,8243,9522,22203,5825,36877,22729,120869,44942,16248,36973,64526,11210,16913,33874,36435,15302,48393,3828,36189,27186,47368,42682,12838,27592,59324,17288,73554,9335,38415,21951,20777,15144,27455,38701,9403,49900,31031,31187,7334,46985,26502,20033,28484,45540,33784,33717,47485,48069,31007,9374,116894,11112,25295,119701,24932,6859,40730,7029,18026,7806,43434,31128,11063
28,39494,96676,174134,60333,82473,32172,17629,88874,85178,48341,65650,72376,41585,171445,108884,109387,154294,51208,68470,81317,90987,14795,32305,38813,65886,100199,77633,53593,0,75008,62780,82863,34477,24082,70063,100047,45659,58790,75791,54840,17014,58422,174228,98529,69616,89140,117489,64803,65937,22651,55648,39380,100074,54676,63594,27217,18212,93438,44925,81169,13713,56284,32022,46861,91694,69951,71227,68645,35078,74648,52405,103473,74657,84751,54823,100076,42453,33576,31848,13233,38758,72349,91017,101608,79935,44295,170409,46997,50224,173216,62222,48300,31659,59453,61675,59591,86867,44010,53249
29,36859,24807,101728,20194,21810,59412,58526,26564,10643,36006,29919,16286,35398,99791,49196,40701,85486,24130,22716,7602,22448,69865,49057,53132,49434,25486,30210,25129,75008,0,14482,12452,40848,80444,38195,51632,30848,16791,15099,28388,59410,42923,100322,30088,12983,14971,52019,17858,9116,57848,58721,39882,42031,22215,29545,47817,64438,18445,37944,18350,77716,19914,88507,34459,20220,5558,28281,18010,42153,23214,32915,34768,42079,17839,20738,26947,51279,42496,53450,64578,58770,18277,23818,30737,5938,33491,99559,28064,48638,99942,18703,27697,65851,18109,35522,25040,20290,55632,21759
30,23533,33970,111726,6248,33245,45002,47346,28861,25013,21549,19065,11939,26796,109301,51711,47797,93304,11898,27788,19007,28816,59561,34954,38650,37682,37811,24712,10700,62780,14482,0,20094,29985,66343,28308,49508,17324,4929,14333,14135,46485,29945,111461,36699,7607,26653,57543,6534,7176,44146,45166,25782,43313,8253,31906,35709,54453,32049,23473,19961,67158,14451,79935,20002,28974,11984,20045,9934,32820,31194,18642,41715,33202,22633,8276,37296,36839,29408,39159,53544,44294,25912,37455,39157,20398,19521,108588,16425,34615,110557,19508,14488,51423,3682,23273,11627,33543,41269,11545
31,43499,13921,91747,23298,31546,63021,67344,14645,13784,38832,27122,12850,45603,89446,36794,28820,74132,31881,35039,5816,10068,79363,54075,55843,45740,18736,22551,29814,82863,12452,20094,0,49823,85147,33278,40431,37284,24401,9375,30807,66461,41383,91368,17908,13607,8243,39768,19175,18766,63684,57490,45081,29899,28210,41992,55801,74130,15671,41545,8318,87051,30755,99080,38389,8930,17459,23279,16563,52085,34854,34966,22765,35844,5769,28228,17230,53302,49409,57774,73526,61080,30272,30206,19389,13764,39134,88894,36334,48943,90481,30960,34562,69233,23437,33571,26267,27904,56985,30705
32,11510,63742,141570,29370,48757,30989,17684,58248,50807,24652,39283,41080,8218,139233,80289,77758,123243,18098,35412,47546,58801,29578,19708,30067,48819,66269,50103,23220,34477,40848,29985,49823,0,45337,46798,74923,15263,25427,44056,27063,20701,39244,140877,66670,37426,55381,87174,33669,31917,22658,46586,16517,71565,22717,32247,8357,24503,59187,22138,49678,37228,21807,50406,21378,58753,35632,43808,37832,5731,41571,27141,71686,52226,52610,21709,66790,31441,9832,24629,23788,34892,38566,56896,69088,45557,16233,138565,13559,35892,140210,28128,16518,36521,27210,38164,30809,52699,36131,19258
33,43983,98017,172744,61921,93203,22646,34860,87220,91087,46475,62067,72898,53551,169447,103761,108011,150764,56788,80535,85249,91345,38232,31402,30566,55187,103725,73607,55736,24082,80444,66343,85147,45337,0,63289,92068,49690,63708,76566,54417,25208,50608,174535,97985,71585,92638,113999,65975,71552,23217,41582,40584,95318,58263,77544,37027,40134,98392,43611,81178,37649,65020,55394,46778,93294,76338,67815,68987,48684,86616,50546,102585,66638,85424,59862,101975,33980,39006,27373,33999,26942,83121,100530,101980,86117,46954,167801,53746,41137,172740,72535,52915,17446,62667,56433,59135,96297,32646,60022
34,35558,41328,110148,23003,59795,41086,59867,27229,45844,22889,9300,22108,48229,106602,40473,46640,87553,33393,56085,37206,34010,72746,37791,33088,12722,50204,12301,25581,70063,38195,28308,33278,46798,63289,0,29983,31929,31539,24491,20248,53356,12684,112983,38312,25350,41324,51008,21975,34905,47512,26513,32381,32114,28428,59961,47863,68921,48913,26135,25568,79007,41449,95295,25663,37900,38725,10141,20312,51859,59158,19708,42071,5483,29983,31803,45691,29463,40006,38692,65587,36395,53834,61608,43215,43320,30571,104753,36550,22175,110661,47706,32023,45857,27145,8783,18278,58375,30856,36049
35,64299,37815,85640,46828,71972,70498,89338,25940,53709,52406,35733,38085,74661,81459,16180,31268,61231,58857,73976,46232,33185,102270,67766,62613,37095,47862,25182,51970,100047,51632,49508,40431,74923,92068,29983,0,59660,54172,37309,47909,83309,42071,90668,30558,42863,45031,28317,43442,53581,77486,51799,61899,13538,53566,79940,77142,98165,51652,55768,33282,108766,63946,124590,54757,38002,55117,31193,39591,79418,74824,48757,30623,25656,34680,56142,41047,58907,69282,68589,95207,65205,69896,69708,35209,54170,59088,78932,62901,51230,87355,67694,58830,74684,50336,38490,44201,67986,59445,60294
36,6217,51035,128519,14855,44962,29614,31119,43840,41468,11655,24064,26911,16608,125914,65347,63970,109229,7303,34505,36262,45365,43835,18451,24835,35708,55119,34876,8243,45659,30848,17324,37284,15263,49690,31929,59660,0,14059,30214,11862,29183,26116,128602,53004,23957,43965,72762,19321,21873,27009,37089,9513,56572,9088,34753,18980,39163,49070,10802,35694,51085,17174,65412,8144,46063,26654,28552,23345,19979,39897,12743,57984,37404,39123,10172,54515,24329,12125,23214,37304,30592,35444,51372,55957,36444,3417,125002,6309,25646,127557,25375,3256,36062,13848,23535,15577,47179,29307,11017
37,20089,38322,116147,8536,32773,43056,42955,33779,27409,20802,22246,16855,21891,113809,56639,52516,98031,7581,25283,22540,33481,54989,32363,37300,39804,41440,29190,9522,58790,16791,4929,24401,25427,63708,31539,54172,14059,0,19233,14551,42814,31370,115621,41411,12513,30352,62408,10780,7860,41058,45778,23223,48226,5892,28447,31596,49809,35084,22064,24848,62654,10080,75133,18546,33330,12788,24098,14604,28006,29456,18726,46423,36679,27355,3997,41454,35924,25799,36902,49130,43052,24361,38124,43670,22409,16802,113173,11944,34758,114846,16382,10912,49522,4393,25472,13649,34027,40612,6630
38,36311,21473,98342,15464,36785,54222,61111,14567,21378,30095,17782,3672,41123,95700,37609,33800,79212,26000,36736,12716,15214,73557,45858,46861,36694,27919,15173,22203,75791,15099,14333,9375,44056,76566,24491,37309,30214,19233,0,22168,59066,32017,98769,22793,6725,17611,43227,11011,16495,55701,48132,37106,29449,21469,42649,49149,68559,24906,33007,5639,81036,27816,94214,30051,16735,17852,14355,7579,47127,38093,26086,27782,27671,9016,22485,25416,44189,42218,49248,67320,51979,32964,37395,25900,19327,31550,94803,30545,39613,97519,30502,27896,60336,16848,24206,17433,34439,47743,25864
39,16514,43641,119797,8212,47049,32216,41921,34118,38645,8033,12220,18512,27981,116902,54437,54829,99462,13627,39658,31580,37152,54823,23809,25200,25935,49499,23445,5825,54840,28388,14135,30807,27063,54417,20248,47909,11862,14551,22168,0,37857,16994,120715,44232,17409,38549,62652,11676,21114,33796,31290,15484,45612,9455,41975,29621,50442,44894,10839,27017,61745,23057,76829,8072,38881,26068,17011,14599,31833,44004,4527,49058,25730,31101,13046,47561,23009,21919,27080,47985,30655,38909,51589,47857,34325,11267,115715,16346,20505,119273,30540,11786,38463,10932,12305,4844,47659,27250,16887
40,22965,80162,157368,43607,69385,19097,11594,71935,69840,31349,48659,55593,28793,154605,91881,92523,137319,35304,56109,65312,74280,21564,15603,23806,50188,84209,60632,36877,17014,59410,46485,66461,20701,25208,53356,83309,29183,42814,59066,37857,0,42115,157723,81728,53046,73075,100492,48055,50294,7378,41791,22380,83069,38269,52587,12387,20086,77833,27930,64369,26269,41804,44052,29856,75206,54640,54219,51815,23526,62272,35396,86646,58111,68062,38817,83691,27146,17077,16324,14488,25487,59201,77315,84947,64653,27516,153510,31420,34593,156578,48690,32036,21696,43030,44846,42630,73092,29790,37825
41,27753,51619,122681,23710,63174,28512,49857,38522,52202,14744,14299,28736,42603,119195,53157,58694,100228,30213,56607,44050,44361,62483,26564,20563,9638,59586,23853,22729,58422,42923,29945,41383,39244,50608,12684,42071,26116,31370,32017,16994,42115,0,125251,49669,30215,49625,63616,25077,37120,35770,16126,23169,44778,26444,58914,38476,59173,56871,17131,34827,68223,40017,85230,18239,47607,41793,19164,25555,44782,60770,13721,53786,16421,39400,30028,55932,16882,30922,26659,55210,23711,55589,66717,54305,48664,23653,117394,31978,9494,123063,47525,27464,33173,27370,7811,18321,63030,18214,33734
42,134801,77567,12289,114166,102903,151899,158525,87329,91396,128370,112547,102337,135715,16971,74963,66632,34027,123174,115768,93344,83597,170162,144522,144077,124258,74878,101440,120869,174228,100322,111461,91368,140877,174535,112983,90668,128602,115621,98769,120715,157723,125251,0,76588,104677,85525,62980,109760,109012,154446,139129,135872,81789,119555,123476,147155,164757,82702,131497,93700,177982,120193,188423,128728,82539,105790,106854,106210,142474,111390,124207,71949,111326,89752,119527,74180,140873,140723,147572,164664,148455,110179,93695,72886,96463,130243,21465,127554,134557,5815,117111,125929,157566,114778,118486,115880,96467,143315,121618
43,59080,7712,75642,38207,45763,75372,83870,11154,27087,51796,36215,26152,63097,72923,21184,11104,56619,48572,52059,22633,7980,96232,68030,67619,50742,17354,26060,44942,98529,30088,36699,17908,66670,97985,38312,30558,53004,41411,22793,44232,81728,49669,76588,0,29270,17538,21931,33732,36556,78026,64782,59562,17248,44231,59354,71941,91152,22378,54956,17361,103769,48566,116516,52287,10285,35315,30675,29915,69399,50887,47625,5016,38317,14066,44973,10489,64524,64975,70987,90079,72209,46880,41332,5211,29686,54241,72013,53113,58639,75043,48765,50669,81151,39548,42418,39387,40556,67306,47951
44,30136,27118,104596,9691,34445,49585,54612,21267,22034,25436,16936,4777,34400,102061,44206,40341,85817,19338,32062,14300,21482,66969,40468,42597,36454,32155,18901,16248,69616,12983,7607,13607,37426,71585,25350,42863,23957,12513,6725,17409,53046,30215,104677,29270,0,21146,49944,5754,10843,50094,46202,31482,35905,15011,37316,42766,61925,27579,28020,12357,74499,21393,87511,24809,22174,13626,15698,5051,40410,34298,21741,34282,29527,15247,15788,30738,40264,36060,44214,60820,47985,29003,36745,32010,18514,25605,101256,23886,36648,103599,24931,21452,55864,10285,22659,13165,33273,44237,19142
45,50163,10677,86760,30732,28266,70730,73054,19363,9549,46580,35365,21023,50292,84826,38485,26967,70843,37932,35104,7840,11905,84646,61375,63711,53871,11159,30146,36973,89140,14971,26653,8243,55381,92638,41324,45031,43965,30352,17611,38549,73075,49625,85525,17538,21146,0,38879,26875,23488,70761,65733,52268,33025,34907,42652,61936,79265,7650,49143,15870,92458,34866,103479,45877,7442,20526,31419,24631,57003,33464,42827,21470,43593,11891,34330,12054,61278,56004,65288,79168,69035,29719,24703,16661,12674,46122,84635,42191,57111,85031,33153,41039,77010,30232,41813,34161,23342,65066,36129
46,78571,28232,59218,57964,66497,91479,103881,28946,48274,69432,52392,46093,84283,55594,12175,12167,36934,69195,73845,44551,29713,116527,85857,83479,61588,34549,40507,64526,117489,52019,57543,39768,87174,113999,51008,28317,72762,62408,43227,62652,100492,63616,62980,21931,49944,38879,0,53561,58206,95962,76557,78112,19027,64466,81224,91700,111650,41998,72795,37588,123847,70186,137435,70637,32041,57217,46637,49448,90354,72319,65270,17435,48729,35340,65709,28378,80019,84323,88045,110065,87271,68560,60744,22386,51390,73474,53805,73730,73095,60124,70688,70792,96655,59995,57607,57935,60761,81830,69030
47,25351,32332,109336,4477,38476,43881,50377,24615,27532,19709,12869,7593,31731,106655,46782,44658,89918,15990,34146,20029,26226,62968,35000,36847,32039,37833,18409,11210,64803,17858,6534,19175,33669,65975,21975,43442,19321,10780,11011,11676,48055,25077,109760,33732,5754,26875,53561,0,12949,44759,40879,26143,38167,10964,38437,38299,58103,33324,22370,16387,70337,20775,84050,19243,27470,17080,13515,4182,37234,37224,15986,38693,26744,20020,12864,36117,34513,31243,38603,56577,42230,31904,41640,36907,23660,20540,105698,20416,31046,108531,26026,17231,50139,6954,17817,7446,37974,38517,16893
48,27804,32417,110040,13421,26073,50877,49600,30606,19635,28146,25812,15574,26975,107920,53782,47559,92894,15027,21406,15676,28592,61171,40221,44961,44752,34359,29709,16913,65937,9116,7176,18766,31917,71552,34905,53581,21873,7860,16495,21114,50294,37120,109012,36556,10843,23488,58206,12949,0,48825,52291,31083,45846,13596,26474,38731,55817,27555,29701,21565,68972,12010,80405,26179,27525,5037,25952,15176,33596,24275,25562,41481,39553,22896,11709,35115,43407,33397,44755,55695,50684,18957,30600,38100,14571,24662,107500,18961,41618,108466,14119,18678,57340,10209,30370,18801,26596,47978,12709
49,21035,77090,153581,40436,69987,11796,18520,67820,68452,26538,43671,52112,30831,150637,86850,88598,132884,33878,57442,63153,70848,28925,10105,16624,43405,81918,55674,33874,22651,57848,44146,63684,22658,23217,47512,77486,27009,41058,55701,33796,7378,35770,154446,78026,50094,70761,95962,44759,48825,0,34460,18622,78089,35915,54851,14712,27375,76068,23210,60764,33300,41811,51312,25740,72209,53485,49371,48236,26817,63483,30718,82853,52027,64711,37122,80821,20100,15810,9297,21865,18114,59914,77356,81560,63383,24638,149365,30613,27738,153062,49329,30154,15195,40533,39268,38641,73121,22469,36950
50,36188,67325,135751,38944,78317,23494,52024,53656,68229,25829,30374,44861,52059,131974,65245,73070,112342,42913,70456,60153,60018,63351,28576,18207,14994,75575,38722,36435,55648,58721,45166,57490,46586,41582,26513,51799,37089,45778,48132,31290,41791,16126,139129,64782,46202,65733,76557,40879,52291,34460,0,30394,57534,40261,71687,42922,61328,72997,26334,50750,67574,53238,85754,29090,63489,57145,34885,41639,52308,75136,27065,68584,27839,55317,43665,71669,15549,36899,25686,56197,16889,70122,82416,69614,64539,33882,129844,43394,11450,136595,61213,39386,25150,42193,23929,33751,78621,12002,46752
51,5900,58471,135188,21815,54447,20101,27497,49593,50525,9514,26557,33540,21716,132343,69638,70257,114942,16817,43597,44753,52283,40404,9182,15782,32589,63411,38425,15302,39380,39882,25782,45081,16517,40584,32381,61899,9513,23223,37106,15484,22380,23169,135872,59562,31482,52268,78112,26143,31083,18622,30394,0,60813,17680,43099,15533,36554,57827,6273,42243,46904,26456,62913,7484,53587,35971,31978,29687,22226,49163,13243,64436,37566,46121,19502,62201,15988,7780,13729,33308,21431,44840,60872,62990,45608,6423,131188,15016,19430,134555,34606,12751,26548,22119,23608,20282,56684,20962,20490
52,62001,24755,78243,42263,60893,72919,87470,15489,42219,51740,34448,31373,69855,74570,8827,18310,55453,54157,64746,35645,21175,100320,68025,64901,42574,34602,22445,48393,100074,42031,43313,29899,71565,95318,32114,13538,56572,48226,29449,45612,83069,44778,81789,17248,35905,33025,19027,38167,45846,78089,57534,60813,0,49057,71359,75175,95735,39068,55153,24319,107346,57246,121945,53346,25682,46325,28851,33998,75380,64749,47672,17093,29702,24234,50956,27706,61370,67530,69837,93572,68483,60144,57651,21718,43517,56781,72649,58556,54273,79092,59603,55051,77917,45041,39147,41151,56341,62971,54764
53,15305,41999,119602,6830,38585,37295,39643,35532,32855,14971,19402,18377,21109,117070,57713,55267,100670,5294,30305,27245,36489,52114,26862,31419,35331,46065,28390,3828,54676,22215,8253,28210,22717,58263,28428,53566,9088,5892,21469,9455,38269,26444,119555,44231,15011,34907,64466,10964,13596,35915,40261,17680,49057,0,32537,27755,47184,40192,16175,27050,59567,13617,73085,12656,37018,18599,22544,15141,26325,34877,13229,49234,33803,30249,3596,45439,30037,21203,31244,45852,37166,29908,44011,47011,27991,11331,116241,9506,29099,118560,21132,6442,43754,4777,21345,10177,39919,34744,7656
54,37401,53279,126716,36977,21286,61932,46040,55875,33945,45880,50661,42045,24034,125459,78723,69542,113063,28891,7807,36748,51923,53421,50105,58867,67863,50632,56131,36189,63594,29545,31906,41992,32247,77544,59961,79940,34753,28447,42649,41975,52587,58914,123476,59354,37316,42652,81224,38437,26474,54851,71687,43099,71359,32537,0,40518,47872,42134,45544,47173,61139,18920,66833,42603,49184,25048,51927,41408,29198,12531,45360,63817,65022,47321,28941,54397,58887,40164,55292,50724,64432,13471,30756,59288,29979,38105,125797,28476,60244,124023,12450,32300,67961,32836,53732,42026,27321,63890,25204
55,13181,69674,147356,33835,56999,24362,12301,62802,58071,24975,41502,45885,16541,144819,83989,82933,128209,24016,43760,54107,64240,25210,14459,25191,47664,72984,53061,27186,27217,47817,35709,55801,8357,37027,47863,77142,18980,31596,49149,29621,12387,38476,147155,71941,42766,61936,91700,38299,38731,14712,42922,15533,75175,27755,40518,0,21066,66258,21806,54661,32197,29574,47477,22387,64681,42834,46615,42319,12111,49912,28395,76931,53087,57998,27648,72975,27377,7871,18598,18408,29209,46814,64985,74762,52843,18394,143952,19781,33237,146261,36312,21316,29307,32505,39080,34030,60770,31552,26065
56,33931,88023,165813,53745,68067,39160,9408,82710,73801,46032,62471,65561,29081,163576,104510,102246,147741,42588,53721,71486,83261,5621,33334,43129,68070,89912,73863,47368,18212,64438,54453,74130,24503,40134,68921,98165,39163,49809,68559,50442,20086,59173,164757,91152,61925,79265,111650,58103,55817,27375,61328,36554,95735,47184,47872,21066,0,82404,42822,74180,13539,44628,26425,43433,83051,58999,67448,62246,22286,59734,49447,96168,74119,77087,46178,90913,46118,28936,35644,6233,45447,58268,77114,93467,68595,39176,162981,38043,52975,164281,48960,40880,41524,51712,60139,54647,73131,49370,43426
57,55167,14687,84982,36834,24668,76849,76835,26488,8693,52867,42684,28143,53329,83489,43530,29831,71082,42532,34340,13314,18577,87901,67003,70087,61410,8516,37796,42682,93438,18445,32049,15671,59187,98392,48913,51652,49070,35084,24906,44894,77833,56871,82702,22378,27579,7650,41998,33324,27555,76068,72997,57827,39068,40192,42134,66258,82404,0,55219,23516,95797,37794,105720,51844,13679,23560,38948,31550,60152,31411,49294,25233,51242,19508,39070,13620,67835,60872,71164,82835,75536,28692,19023,19817,13817,51522,83704,46509,64055,82707,34444,45985,83210,35724,49071,40742,18765,71803,40194
58,10706,54480,130418,18427,54559,21631,33731,44626,48481,3420,20728,29352,26180,127439,63959,65428,109703,17260,44991,41943,47970,46616,13123,15260,26682,60175,32709,12838,44925,37944,23473,41545,22138,43611,26135,55768,10802,22064,33007,10839,27930,17131,131497,54956,28020,49143,72795,22370,29701,23210,26334,6273,55153,16175,45544,21806,42822,55219,0,37819,52998,27595,69167,3523,49711,34730,26316,25439,27731,50151,7526,59734,31297,41937,18938,58387,13978,14020,16251,39480,20993,45458,60187,58667,43837,7548,126154,17108,14923,129993,35769,13390,28000,19836,17377,15636,56091,18838,21170
59,41738,17048,92999,20864,39178,58678,66674,9073,22030,34758,20598,8797,46740,90276,32237,28275,73620,31635,40839,13606,10168,79159,50821,51117,38218,24844,14319,27592,81169,18350,19961,8318,49678,81178,25568,33282,35694,24848,5639,27017,64369,34827,93700,17361,12357,15870,37588,16387,21565,60764,50750,42243,24319,27050,47173,54661,74180,23516,37819,0,86613,33193,99854,35032,12785,22131,15929,12564,52765,41547,30640,22308,27729,4572,28124,21254,48245,47624,53979,72881,56021,36620,38448,20848,21301,36879,89311,36178,43080,92313,35293,33460,64654,22468,27105,22187,35979,51486,31478
60,45377,100970,178798,65901,81539,44196,19966,94918,87224,56367,73410,77889,42477,176449,116165,114826,160231,55260,67175,84646,95950,7934,41664,49924,76451,103203,85138,59324,13713,77716,67158,87051,37228,37649,79007,108766,51085,62654,81036,61745,26269,68223,177982,103769,74499,92458,123847,70337,68972,33300,67574,46904,107346,59567,61139,32197,13539,95797,52998,86613,0,58002,18538,54215,95981,72323,78680,74413,35646,73146,60130,108779,83958,89734,58898,103986,53361,39828,42524,13791,50821,71784,90625,106300,82003,50573,175739,50750,60861,177401,62496,53153,44634,64221,70323,66217,86656,55658,56428
61,21506,44274,121624,18500,28281,46404,39236,42266,29243,27438,32191,26083,15546,119627,65406,59564,104857,10374,17395,27235,40601,50110,34788,42006,48947,45317,39136,17288,56284,19914,14451,30755,21807,65020,41449,63946,17174,10080,27816,23057,41804,40017,120193,48566,21393,34866,70186,20775,12010,41811,53238,26456,57246,13617,18920,29574,44628,37794,27595,33193,58002,0,68637,24377,39437,14405,34173,24385,22359,22729,26549,53489,46664,34851,10022,46753,41429,26016,39834,45136,47754,18429,35603,50032,24009,20583,119305,11554,41863,119855,8203,14231,52773,14400,34870,23285,31369,46374,6490
62,60332,112822,190233,79776,88091,62523,35458,108567,97026,72413,88889,91386,53477,188265,130686,127618,173119,68244,73942,95872,108557,22766,58911,67858,93858,113667,100219,73554,32022,88507,79935,99080,50406,55394,95295,124590,65412,75133,94214,76829,44052,85230,188423,116516,87511,103479,137435,84050,80405,51312,85754,62913,121945,73085,66833,47477,26425,105720,69167,99854,18538,68637,0,69856,107918,82957,93822,88222,47126,79355,75869,121519,100451,102479,71729,115391,71164,55348,60369,30059,69125,79192,97528,118466,91984,65571,187903,63718,78447,188322,71344,66922,63165,77455,86519,80960,93901,73777,68565
63,9941,51508,127867,15147,51092,25024,34596,42182,45015,3542,19196,26428,24383,124974,62173,62901,107483,14004,41752,38594,45138,47532,15808,18782,27877,56949,30985,9335,46861,34459,20002,38389,21378,46778,25663,54757,8144,18546,30051,8072,29856,18239,128728,52287,24809,45877,70637,19243,26179,25740,29090,7484,53346,12656,42603,22387,43433,51844,3523,35032,54215,24377,69856,0,46688,31208,24529,22532,26740,46816,6015,57125,31013,39037,15478,55349,17436,14525,19413,40535,24515,42067,56666,55849,40342,5413,123778,14378,17642,127322,32509,10306,31428,16350,16916,12910,52574,22238,17908
64,52266,4996,82817,31776,35688,70954,76266,12992,16934,46829,33382,20407,54455,80525,31054,20493,65436,40798,41821,12634,4922,88291,62468,63548,50621,12330,25947,38415,91694,20220,28974,8930,58753,93294,37900,38002,46063,33330,16735,38881,75206,47607,82539,10285,22174,7442,32041,27470,27525,72209,63489,53587,25682,37018,49184,64681,83051,13679,49711,12785,95981,39437,107918,46688,0,25632,28611,24312,60977,40608,42818,14640,39358,8218,37144,8681,60796,58186,65960,82451,68586,36605,31968,10599,19409,47779,80008,45260,55828,81582,38911,43407,77046,32241,39891,34167,30766,64173,39624
65,32450,30300,107276,18204,21426,55845,53275,30852,15237,33180,29867,17939,29930,105349,53830,46064,90989,19606,18883,13092,27527,64453,45073,49990,49113,30918,32290,21951,69951,5558,11984,17459,35632,76338,38725,55117,26654,12788,17852,26068,54640,41793,105790,35315,13626,20526,57217,17080,5037,53485,57145,35971,46325,18599,25048,42834,58999,23560,34730,22131,72323,14405,82957,31208,25632,0,29299,18509,36714,20677,30542,40080,43098,22443,16493,32504,48444,37906,49674,59282,55717,15397,25573,36196,10016,29548,105115,23220,46571,105457,13515,23422,62311,15209,34822,23495,21595,53008,16818
